
Institution Logo
Lab Name

    Session

    Cancel
    Finish Session
    logout
    Logout
    help
    Help
    feedback
    Contact Support

Heli 2

Session Time
In Session: 00 : 10 : 14
Remaining:
00 : 00 : 00

Your session is being terminated.

Serial output
Serial output ...
start

0, 5

0, 5

0, 5

0, 5

0, 5

0, 5

0, 5

0, 5

0, 5

0, 5

0, 5

0, 5

0, 5

0, 5

0, 5

0, 5

0, 5

0, 5

0, 5

0, 5

0, 5

0, 5

0, 5

0, 5

0, 5

0, 5

0, 5

0, 5

0, 5

end [ 0]

gain [ 100]

start

0, 29

0, 29

0, 29

0, 30

0, 29

0, 29

0, 29

0, 29

0, 29

0, 30

0, 29

0, 29

0, 29

0, 30

0, 29

0, 29

0, 29

0, 29

0, 29

0, 30

0, 29

0, 29

0, 30

0, 30

0, 29

0, 29

0, 29

0, 29

0, 29

0, 30

0, 29

0, 29

0, 30

0, 29

0, 29

0, 29

0, 29

0, 29

0, 29

0, 29

0, 29

0, 29

0, 30

0, 29

0, 29

0, 29

0, 29

0, 29

0, 30

0, 29

0, 29

0, 29

0, 30

0, 29

0, 29

0, 29

0, 29

0, 29

0, 30

0, 29

0, 29

0, 30

0, 29

0, 29

0, 29

0, 29

0, 29

0, 29

0, 29

0, 29

0, 29

0, 30

0, 29

0, 29

0, 29

0, 29

0, 29

0, 30

0, 29

0, 29

0, 29

0, 30

0, 29

0, 29

0, 29

0, 29

0, 29

0, 30

0, 29

0, 29

0, 30

0, 30

0, 29

0, 29

0, 29

0, 29

0, 29

0, 29

0, 29

0, 29

0, 30

0, 29

0, 29

0, 29

0, 29

0, 29

0, 29

0, 29

0, 29

0, 29

0, 30

0, 29

0, 29

0, 29

0, 29

0, 29

0, 30

0, 29

0, 29

0, 29

0, 30

0, 29

0, 29

0, 29

0, 29

0, 29

0, 29

0, 29

0, 29

0, 30

0, 29

0, 29

0, 29

end [ 100]

gain [ 110]

gain [ 120]

start

0, 36

0, 36

0, 35

0, 35

0, 35

0, 35

0, 35

0, 35

0, 35

0, 35

0, 36

0, 36

0, 35

0, 35

0, 36

0, 35

0, 35

0, 35

0, 35

0, 35

0, 36

0, 35

0, 35

0, 35

0, 36

0, 35

0, 35

0, 35

0, 35

0, 35

0, 36

0, 35

0, 35

0, 35

0, 35

0, 35

0, 35

0, 35

0, 35

0, 35

0, 36

0, 35

0, 35

0, 36

0, 35

0, 35

0, 35

0, 35

0, 35

0, 36

0, 36

0, 35

0, 35

0, 36

0, 35

0, 35

0, 35

0, 35

0, 35

0, 36

0, 35

0, 35

0, 35

0, 36

0, 35

0, 35

0, 35

0, 35

0, 35

0, 36

0, 35

0, 35

0, 36

0, 35

0, 35

0, 35

0, 35

0, 35

0, 35

0, 36

0, 35

0, 35

0, 36

0, 36

0, 35

0, 35

0, 35

0, 35

0, 35

0, 35

0, 35

0, 35

0, 36

0, 35

0, 35

0, 35

0, 35

0, 35

0, 36

0, 35

0, 35

0, 35

0, 36

0, 35

0, 35

0, 35

0, 35

0, 35

0, 36

0, 35

0, 35

0, 36

0, 36

0, 35

0, 35

0, 35

0, 35

0, 35

0, 35

0, 35

0, 35

0, 36

0, 35

0, 35

0, 35

0, 35

0, 35

0, 35

0, 35

0, 35

0, 35

0, 36

0, 35

0, 35

0, 35

0, 35

0, 35

0, 36

0, 35

0, 35

0, 35

0, 36

0, 35

0, 35

0, 35

0, 35

0, 35

0, 35

0, 35

0, 35

0, 35

0, 36

0, 35

0, 35

0, 35

0, 35

0, 35

0, 35

0, 35

0, 35

0, 36

0, 36

0, 35

0, 35

0, 36

0, 35

0, 35

0, 35

0, 35

0, 35

0, 36

0, 35

0, 35

0, 35

0, 36

0, 35

0, 35

0, 35

0, 35

0, 35

0, 36

0, 35

0, 35

0, 35

0, 35

0, 35

0, 35

0, 35

0, 35

0, 35

0, 36

0, 35

0, 35

0, 36

0, 35

0, 35

0, 35

0, 35

0, 35

0, 36

0, 36

0, 35

0, 35

0, 36

0, 35

0, 35

0, 35

0, 35

0, 35

0, 36

0, 35

0, 35

0, 35

0, 36

0, 35

0, 35

0, 35

0, 35

0, 35

0, 36

0, 35

0, 35

0, 36

0, 35

0, 35

0, 35

end [ 120]

gain [ 130]

start

0, 38

0, 38

0, 38

0, 39

0, 38

0, 38

0, 38

0, 38

0, 38

0, 39

0, 38

0, 38

0, 39

0, 39

0, 38

0, 38

0, 38

0, 38

0, 38

0, 38

0, 38

0, 38

0, 39

0, 39

0, 38

0, 38

0, 38

0, 38

0, 38

0, 38

0, 38

0, 38

0, 39

0, 39

0, 38

0, 38

0, 38

0, 38

0, 38

0, 38

0, 38

0, 38

0, 39

0, 38

0, 38

0, 38

0, 39

0, 38

0, 38

0, 38

0, 38

0, 38

0, 38

0, 38

0, 37

0, 38

0, 38

0, 38

0, 38

0, 37

0, 37

0, 38

0, 38

0, 37

0, 37

0, 38

0, 38

0, 37

0, 37

0, 37

0, 37

0, 38

0, 37

0, 37

0, 37

0, 38

0, 37

0, 37

0, 37

0, 37

1, 37

1, 37

0, 37

0, 37

0, 37

0, 37

1, 37

1, 37

0, 37

0, 37

0, 37

1, 38

0, 37

0, 37

0, 38

1, 37

0, 37

1, 37

0, 37

1, 37

1, 37

1, 37

1, 37

0, 37

0, 37

1, 37

1, 37

1, 36

1, 36

1, 36

1, 37

1, 36

1, 36

0, 36

1, 37

1, 37

1, 36

1, 36

1, 36

1, 36

1, 37

1, 36

1, 36

0, 36

1, 37

1, 36

1, 36

1, 36

1, 37

1, 36

1, 37

1, 36

1, 36

1, 37

1, 37

1, 37

0, 36

1, 36

1, 37

1, 36

1, 36

1, 36

1, 36

1, 37

1, 37

1, 36

1, 36

1, 36

1, 36

1, 36

1, 36

1, 36

1, 36

1, 37

1, 37

1, 36

1, 36

1, 36

1, 36

1, 37

1, 36

1, 36

1, 36

1, 36

1, 37

1, 36

1, 36

1, 37

1, 37

1, 36

1, 36

1, 36

0, 37

1, 37

1, 36

0, 36

1, 36

1, 37

1, 36

1, 36

1, 36

1, 36

1, 37

end [ 130]

gain [ 140]

start

1, 39

2, 38

2, 38

2, 38

2, 38

2, 38

2, 37

2, 37

2, 38

2, 37

2, 37

2, 37

2, 37

2, 37

2, 38

2, 38

2, 37

2, 37

2, 38

2, 37

2, 37

2, 37

2, 37

2, 37

2, 38

2, 37

2, 37

2, 37

2, 38

2, 37

2, 37

2, 37

2, 37

2, 37

2, 38

2, 37

2, 37

2, 38

2, 38

2, 37

2, 37

2, 37

2, 37

2, 37

3, 38

3, 37

3, 37

2, 38

3, 37

2, 37

2, 36

3, 36

3, 37

3, 36

3, 36

3, 36

3, 36

3, 37

3, 37

3, 36

2, 36

3, 37

3, 37

3, 37

3, 36

3, 36

2, 36

2, 38

3, 37

3, 36

2, 37

2, 38

3, 37

3, 38

3, 36

2, 37

2, 37

2, 38

3, 37

2, 36

3, 37

2, 37

2, 37

2, 37

3, 36

3, 37

2, 37

3, 37

2, 37

2, 36

2, 36

3, 37

2, 37

3, 36

3, 37

3, 36

3, 37

2, 37

3, 36

2, 36

3, 37

3, 37

2, 36

2, 36

2, 37

3, 37

3, 37

2, 37

3, 36

2, 37

3, 37

2, 37

2, 37

2, 37

2, 37

2, 37

3, 37

3, 36

end [ 140]

gain [ 150]

start

4, 38

4, 38

4, 38

4, 38

4, 38

4, 38

3, 38

4, 37

4, 37

4, 37

4, 37

4, 37

4, 37

4, 38

4, 37

4, 37

4, 37

4, 37

4, 37

4, 36

4, 37

4, 37

4, 37

4, 38

4, 36

5, 36

4, 36

5, 36

5, 36

4, 36

4, 37

4, 37

5, 36

5, 37

5, 36

5, 36

4, 38

5, 36

5, 36

4, 36

5, 36

5, 36

5, 36

5, 37

5, 36

5, 36

5, 37

5, 36

5, 36

4, 36

5, 36

5, 36

5, 36

5, 36

5, 36

5, 36

5, 37

5, 36

5, 36

5, 36

5, 36

5, 36

5, 36

5, 36

5, 36

4, 37

5, 37

5, 37

5, 36

4, 37

5, 36

5, 36

4, 37

4, 37

5, 36

4, 36

5, 36

5, 36

5, 36

5, 36

5, 36

5, 36

5, 36

5, 36

5, 36

5, 36

5, 36

5, 36

4, 36

5, 36

5, 36

5, 36

5, 36

5, 35

5, 36

5, 37

5, 36

5, 36

4, 36

5, 36

6, 35

5, 35

5, 35

5, 36

5, 35

6, 36

6, 35

6, 35

5, 35

5, 36

6, 35

6, 35

5, 35

5, 35

6, 35

6, 36

6, 35

6, 35

5, 36

6, 36

6, 35

5, 35

5, 36

5, 36

5, 36

5, 36

5, 36

6, 35

5, 37

6, 35

6, 35

5, 35

5, 35

6, 35

6, 35

6, 35

5, 36

6, 35

5, 36

6, 35

6, 35

5, 35

5, 35

6, 35

6, 35

6, 35

5, 35

5, 35

6, 36

5, 35

6, 35

5, 35

5, 36

6, 35

6, 35

6, 36

5, 36

4, 36

5, 36

6, 36

6, 35

5, 35

5, 35

6, 35

5, 35

5, 35

6, 35

5, 35

6, 36

5, 35

5, 36

5, 36

5, 36

5, 36

5, 36

5, 36

5, 36

5, 36

5, 36

5, 36

4, 36

5, 36

6, 35

5, 35

5, 35

5, 36

5, 36

5, 37

5, 36

5, 36

4, 36

5, 36

5, 36

6, 36

5, 35

5, 35

6, 35

5, 37

5, 35

6, 35

5, 35

5, 35

5, 35

5, 35

5, 36

5, 36

5, 36

5, 37

5, 36

5, 36

5, 37

5, 36

5, 36

5, 36

5, 36

6, 36

5, 36

5, 37

5, 36

5, 36

5, 37

5, 36

5, 36

end [ 150]

gain [ 160]

gain [ 170]

start

6, 39

6, 40

6, 39

7, 39

6, 38

7, 38

7, 38

7, 38

7, 38

7, 37

7, 37

7, 37

7, 37

7, 38

7, 37

7, 37

7, 37

7, 38

7, 37

7, 37

7, 37

7, 37

7, 37

7, 37

7, 37

7, 37

7, 37

7, 38

7, 37

7, 37

7, 37

7, 37

7, 37

7, 37

7, 37

7, 37

7, 37

8, 37

8, 36

8, 36

8, 36

8, 36

8, 36

7, 36

8, 36

8, 36

7, 37

7, 37

7, 37

7, 37

8, 37

7, 36

7, 37

7, 36

7, 38

8, 36

7, 36

7, 36

7, 37

8, 36

7, 38

8, 36

7, 37

7, 37

8, 36

7, 37

8, 37

8, 36

8, 36

7, 37

8, 37

8, 36

8, 36

8, 36

8, 36

7, 36

8, 37

8, 36

8, 36

8, 36

7, 36

7, 37

7, 37

7, 38

8, 36

8, 36

8, 36

7, 37

7, 37

7, 37

7, 37

7, 37

7, 37

7, 38

7, 37

7, 37

7, 37

7, 37

7, 37

7, 37

8, 37

7, 37

8, 36

7, 37

8, 37

8, 36

8, 36

8, 36

8, 36

7, 36

8, 36

8, 36

7, 36

8, 36

7, 36

7, 36

7, 37

7, 37

8, 36

7, 38

7, 37

7, 37

7, 37

7, 37

7, 37

8, 36

8, 36

8, 36

7, 37

7, 37

7, 37

7, 37

7, 37

7, 37

7, 37

7, 37

7, 37

7, 37

7, 37

end [ 170]

gain [ 180]

gain [ 190]

gain [ 200]

start

9, 39

10, 38

10, 38

10, 39

11, 37

11, 38

11, 37

11, 35

11, 37

11, 36

11, 36

10, 35

10, 37

11, 36

11, 35

11, 35

11, 35

11, 35

11, 37

11, 37

11, 35

11, 35

10, 37

11, 37

11, 37

11, 37

11, 37

11, 37

11, 38

11, 37

11, 37

10, 37

11, 37

11, 37

11, 37

11, 37

10, 37

11, 36

11, 36

11, 37

11, 37

10, 37

11, 36

11, 36

11, 35

10, 37

11, 37

11, 35

11, 36

11, 37

11, 37

10, 37

11, 37

11, 37

11, 35

10, 37

11, 37

11, 37

11, 37

11, 37

10, 37

10, 38

11, 37

11, 37

11, 37

10, 37

11, 37

11, 37

11, 37

11, 37

10, 37

10, 38

11, 37

11, 37

10, 37

11, 37

11, 37

11, 38

11, 37

11, 37

10, 37

10, 37

11, 37

11, 37

10, 37

10, 37

11, 37

11, 37

11, 37

11, 37

10, 37

11, 37

11, 37

11, 37

10, 37

11, 37

11, 37

11, 38

11, 37

11, 37

10, 38

11, 37

11, 37

10, 37

10, 37

11, 37

11, 37

11, 37

10, 37

11, 35

10, 38

11, 37

11, 37

10, 37

10, 37

11, 37

11, 37

11, 37

11, 37

11, 37

11, 37

11, 36

11, 35

10, 37

10, 38

11, 36

11, 35

11, 35

11, 37

11, 37

11, 36

11, 36

11, 37

11, 36

10, 37

11, 37

11, 37

11, 35

11, 37

10, 37

11, 37

11, 37

11, 37

11, 35

11, 37

11, 37

11, 37

10, 37

11, 35

11, 36

11, 37

11, 37

11, 37

10, 38

11, 36

11, 36

11, 37

10, 37

10, 37

11, 37

11, 37

11, 37

11, 37

10, 38

11, 38

11, 37

10, 37

10, 37

11, 37

11, 37

11, 37

10, 37

10, 37

10, 37

11, 37

11, 37

11, 35

10, 37

11, 37

11, 38

11, 37

11, 37

10, 37

11, 37

11, 37

11, 37

10, 37

11, 37

11, 37

11, 38

11, 37

11, 37

10, 37

11, 36

11, 36

10, 37

11, 35

11, 36

11, 36

11, 35

11, 35

11, 35

10, 37

11, 36

11, 35

11, 35

11, 36

11, 36

11, 35

11, 35

11, 35

11, 35

11, 37

11, 36

11, 35

11, 35

11, 36

11, 36

11, 35

11, 35

11, 35

11, 36

11, 37

11, 36

11, 35

11, 35

10, 38

11, 37

11, 37

11, 35

11, 35

11, 36

11, 38

11, 37

11, 37

11, 35

11, 36

11, 36

11, 35

11, 35

11, 37

11, 36

11, 36

11, 35

11, 35

11, 37

11, 37

11, 36

11, 35

11, 35

11, 36

11, 36

11, 36

11, 35

11, 35

11, 37

11, 36

11, 36

11, 35

11, 36

11, 36

11, 36

11, 35

10, 37

11, 37

10, 38

11, 36

11, 35

11, 35

11, 35

11, 36

11, 35

11, 35

11, 35

11, 35

11, 36

11, 36

11, 35

11, 36

11, 36

11, 36

11, 35

11, 35

11, 36

11, 36

11, 36

11, 36

11, 35

11, 35

11, 36

11, 36

11, 35

11, 36

11, 35

11, 36

11, 36

11, 35

11, 35

end [ 200]

gain [ 220]

gain [ 230]

gain [ 240]

gain [ 250]

gain [ 260]

start

16, 35

16, 33

16, 33

17, 31

17, 31

16, 31

17, 32

17, 31

16, 33

16, 33

16, 34

16, 34

16, 33

16, 33

15, 35

16, 36

15, 36

16, 35

15, 35

15, 36

15, 37

15, 37

15, 37

15, 37

15, 37

15, 39

15, 38

15, 37

14, 37

15, 38

15, 37

16, 37

15, 35

15, 37

16, 35

16, 37

16, 35

16, 35

15, 35

15, 36

15, 37

15, 37

15, 37

15, 37

15, 35

16, 37

16, 35

15, 37

15, 36

16, 36

16, 35

16, 35

15, 35

16, 36

16, 35

16, 36

16, 35

16, 36

15, 37

15, 38

16, 35

15, 36

15, 35

16, 36

15, 37

15, 37

15, 35

15, 37

15, 37

15, 36

15, 35

14, 37

15, 37

15, 37

16, 37

15, 35

16, 35

16, 35

16, 36

16, 36

16, 35

15, 37

15, 38

15, 37

16, 37

16, 36

16, 35

15, 35

15, 38

15, 37

15, 37

15, 37

15, 38

15, 38

15, 37

15, 37

15, 37

14, 37

16, 36

16, 35

16, 35

15, 35

16, 36

16, 35

16, 35

15, 37

15, 37

15, 37

16, 38

16, 37

15, 35

15, 36

16, 36

15, 37

16, 37

15, 35

16, 36

16, 35

15, 38

15, 37

15, 35

15, 36

16, 36

15, 37

15, 37

15, 37

15, 37

15, 39

15, 37

15, 37

14, 37

15, 38

16, 38

15, 37

15, 37

15, 37

15, 37

16, 39

16, 37

15, 37

14, 37

15, 38

15, 37

15, 37

14, 37

15, 38

15, 37

15, 39

15, 37

15, 37

14, 38

15, 38

15, 37

14, 37

15, 37

15, 38

15, 37

15, 37

15, 37

15, 37

15, 39

15, 38

15, 37

14, 37

15, 37

15, 37

16, 37

15, 37

15, 37

15, 37

15, 39

16, 36

16, 35

14, 37

15, 38

15, 37

15, 37

16, 37

16, 35

16, 35

16, 37

15, 38

16, 35

15, 35

16, 36

16, 36

15, 35

15, 35

16, 35

16, 35

16, 37

16, 35

15, 37

15, 37

15, 38

16, 35

16, 35

15, 35

15, 35

15, 37

15, 38

15, 37

16, 35

15, 37

15, 37

15, 37

15, 37

15, 37

16, 36

15, 37

16, 36

15, 37

16, 35

15, 38

16, 36

16, 35

15, 35

15, 35

16, 35

15, 37

16, 35

15, 35

15, 37

15, 39

16, 37

16, 35

15, 35

15, 35

16, 35

16, 35

16, 35

15, 35

15, 35

16, 36

16, 36

16, 35

15, 37

15, 38

15, 37

15, 38

15, 37

15, 37

14, 37

15, 38

15, 37

15, 37

15, 37

15, 38

end [ 260]

gain [ 310]

start

18, 35

18, 35

17, 35

18, 35

17, 35

19, 34

19, 32

18, 35

18, 35

18, 36

18, 35

18, 35

18, 35

18, 35

18, 35

18, 36

18, 35

18, 35

18, 37

18, 36

18, 35

18, 35

18, 35

18, 35

18, 35

18, 36

18, 35

17, 35

18, 36

18, 36

18, 36

18, 35

18, 35

18, 35

18, 36

17, 37

18, 35

17, 35

18, 36

18, 36

18, 35

18, 35

18, 35

18, 36

18, 37

18, 35

17, 37

16, 37

17, 39

18, 38

17, 37

17, 37

17, 39

17, 38

17, 40

18, 35

17, 38

17, 36

17, 38

17, 38

17, 35

18, 35

18, 35

18, 35

18, 35

18, 35

18, 35

18, 37

18, 36

17, 35

17, 35

18, 35

18, 35

17, 35

18, 35

18, 35

18, 35

18, 38

18, 36

18, 35

17, 35

18, 36

17, 38

17, 38

17, 37

17, 37

17, 38

17, 40

18, 36

18, 35

17, 35

18, 36

18, 35

18, 35

18, 35

18, 35

18, 35

18, 37

18, 35

18, 35

18, 35

18, 36

18, 35

18, 35

18, 35

18, 35

18, 35

18, 36

18, 35

18, 35

18, 38

18, 36

18, 35

18, 35

18, 35

17, 38

18, 35

18, 36

17, 38

17, 38

17, 40

17, 38

17, 35

17, 37

17, 38

17, 38

17, 37

17, 37

17, 37

18, 35

18, 36

18, 36

18, 37

18, 35

17, 37

17, 38

18, 38

18, 37

18, 35

17, 35

18, 36

17, 38

17, 37

18, 35

18, 36

18, 35

17, 37

18, 35

18, 35

17, 35

18, 36

17, 36

17, 38

18, 35

18, 36

17, 38

18, 35

17, 37

17, 37

16, 37

17, 38

18, 37

17, 35

18, 35

17, 38

18, 38

17, 37

18, 35

18, 35

18, 37

17, 38

18, 37

17, 35

18, 36

18, 35

18, 35

17, 35

17, 37

17, 38

18, 38

18, 36

17, 37

16, 37

17, 38

17, 38

17, 38

17, 37

17, 38

17, 38

end [ 310]

gain [ 100]

start

0, 29

0, 29

0, 29

0, 29

0, 29

0, 29

0, 29

0, 29

0, 29

0, 29

0, 29

0, 29

0, 29

0, 29

0, 29

0, 29

0, 29

0, 29

0, 29

0, 29

0, 29

0, 29

0, 29

0, 29

0, 29

0, 29

0, 29

0, 29

0, 29

0, 29

0, 29

0, 29

0, 29

0, 29

0, 29

0, 29

0, 29

0, 29

0, 29

0, 29

0, 29

0, 29

0, 29

0, 29

0, 29

0, 29

0, 29

0, 29

0, 29

0, 29

0, 29

0, 29

0, 29

0, 29

0, 29

0, 29

0, 29

0, 29

0, 29

0, 29

0, 29

0, 29

0, 29

0, 29

0, 29

0, 29

0, 29

0, 29

0, 29

0, 29

0, 29

0, 29

0, 29

0, 29

0, 29

0, 29

0, 29

0, 29

0, 29

0, 29

0, 29

0, 29

0, 29

0, 29

0, 29

0, 29

0, 29

0, 29

0, 29

0, 29

0, 29

0, 29

0, 29

0, 29

0, 29

0, 29

0, 29

0, 29

0, 29

0, 29

0, 29

0, 29

0, 29

0, 29

0, 29

0, 29

0, 29

0, 29

0, 29

0, 29

0, 29

0, 29

0, 29

0, 29

end [ 100]

gain [ 200]

start

2, 53

6, 46

10, 37

15, 29

22, 17

26, 9

31, 5

35, 5

38, 5

40, 5

40, 5

40, 5

37, 5

34, 5

29, 5

24, 11

17, 23

10, 38

2, 54

0, 58

0, 58

0, 58

0, 58

0, 58

6, 49

12, 33

18, 22

24, 10

31, 5

35, 5

39, 5

40, 5

40, 5

39, 5

36, 5

33, 5

28, 5

23, 13

14, 25

6, 41

0, 58

0, 58

0, 59

0, 58

0, 58

2, 54

8, 42

15, 28

23, 15

28, 5

33, 5

37, 5

40, 5

41, 5

40, 5

39, 5

36, 5

31, 5

25, 5

20, 19

12, 33

4, 52

0, 59

0, 58

0, 58

0, 59

0, 58

7, 50

14, 36

20, 18

26, 6

32, 5

39, 5

43, 5

45, 5

46, 5

45, 5

43, 5

40, 5

35, 5

29, 5

21, 13

12, 27

3, 52

0, 58

0, 58

0, 58

0, 58

0, 57

7, 45

14, 32

23, 17

29, 5

35, 5

40, 5

44, 5

46, 5

45, 5

45, 5

42, 5

39, 5

32, 5

26, 6

19, 20

10, 38

1, 56

0, 58

0, 58

0, 58

0, 58

1, 57

10, 42

17, 23

24, 9

30, 5

37, 5

43, 5

46, 5

48, 5

48, 5

46, 5

43, 5

38, 5

33, 5

27, 5

17, 18

8, 36

0, 58

0, 58

0, 59

0, 58

0, 58

3, 51

end [ 200]

gain [ 100]

gain [ 110]

gain [ 120]

start

35, 5

29, 5

21, 9

12, 20

3, 32

0, 35

0, 35

0, 34

0, 35

1, 34

9, 27

15, 20

17, 13

21, 9

23, 8

23, 7

21, 9

20, 11

16, 15

12, 21

4, 28

0, 34

0, 35

0, 35

0, 35

0, 35

0, 34

1, 34

3, 31

6, 28

8, 26

8, 24

8, 24

8, 26

7, 26

6, 27

4, 30

2, 32

1, 34

0, 35

0, 34

0, 34

0, 35

0, 35

0, 35

0, 34

0, 35

0, 35

0, 35

0, 35

0, 34

0, 34

0, 35

0, 35

0, 35

0, 34

0, 34

0, 35

0, 34

0, 34

0, 34

0, 34

0, 35

0, 35

0, 34

0, 34

0, 34

0, 35

0, 34

0, 34

0, 34

0, 34

0, 35

0, 35

0, 34

0, 34

0, 35

0, 35

0, 34

0, 34

0, 34

0, 34

0, 35

0, 35

0, 34

0, 34

0, 35

0, 35

0, 34

0, 34

0, 34

0, 34

0, 35

0, 34

0, 34

0, 34

0, 35

0, 35

0, 34

0, 34

0, 35

0, 35

0, 35

0, 34

0, 34

0, 35

0, 35

0, 35

0, 34

0, 35

0, 35

0, 35

0, 35

0, 34

0, 34

0, 35

end [ 120]

gain [ 130]

start

0, 37

0, 37

0, 37

0, 38

0, 37

0, 38

0, 37

0, 37

0, 38

0, 38

0, 37

0, 37

0, 37

0, 37

0, 38

0, 37

0, 37

0, 37

0, 38

0, 38

0, 37

0, 37

0, 37

0, 37

0, 38

0, 37

0, 37

0, 37

0, 38

0, 38

0, 37

0, 37

0, 38

0, 37

0, 38

0, 37

0, 37

0, 37

0, 38

0, 38

0, 37

0, 37

0, 38

0, 37

0, 37

0, 37

0, 37

0, 37

0, 38

0, 37

0, 37

0, 37

0, 38

0, 37

0, 37

0, 37

0, 37

0, 38

0, 38

0, 37

0, 37

0, 38

0, 38

0, 37

0, 37

0, 37

0, 37

0, 38

0, 38

0, 37

0, 37

0, 38

1, 37

0, 37

0, 37

0, 37

1, 37

1, 38

1, 37

1, 37

0, 37

0, 37

1, 37

1, 37

0, 37

0, 37

1, 37

1, 38

1, 37

1, 37

0, 37

0, 38

0, 37

1, 37

0, 37

0, 37

0, 37

1, 38

0, 37

0, 37

0, 38

0, 37

0, 37

0, 37

0, 37

0, 37

0, 37

1, 37

0, 37

0, 37

0, 38

0, 38

0, 37

0, 37

0, 37

0, 37

1, 37

0, 37

0, 37

0, 37

0, 38

1, 37

1, 37

0, 37

0, 37

1, 37

1, 37

1, 37

0, 37

end [ 130]

gain [ 140]

gain [ 150]

start

4, 37

5, 36

5, 35

5, 35

6, 35

6, 34

6, 34

6, 34

6, 34

6, 35

6, 35

6, 34

5, 35

5, 36

6, 35

5, 36

6, 35

5, 35

4, 36

5, 36

5, 36

4, 37

4, 37

4, 37

5, 37

4, 36

5, 36

5, 36

4, 36

5, 36

5, 36

4, 36

5, 35

5, 36

5, 35

6, 35

5, 35

5, 35

6, 36

5, 36

6, 35

5, 35

5, 36

6, 35

5, 36

5, 36

5, 36

5, 36

5, 37

5, 36

5, 36

4, 36

5, 37

5, 36

5, 36

5, 36

4, 37

4, 37

4, 38

4, 37

4, 37

4, 37

4, 37

4, 37

4, 37

4, 37

4, 37

4, 37

4, 37

4, 37

4, 37

4, 38

5, 37

4, 37

5, 37

5, 36

5, 36

5, 36

4, 37

4, 37

4, 37

4, 38

5, 36

4, 37

4, 37

4, 37

4, 37

5, 36

4, 37

4, 37

4, 37

4, 37

4, 37

4, 37

4, 37

4, 37

4, 37

4, 37

4, 37

4, 37

4, 37

4, 37

4, 37

4, 37

3, 38

4, 38

4, 38

4, 38

4, 38

4, 37

3, 38

4, 38

4, 37

4, 37

4, 37

4, 37

5, 36

5, 36

5, 36

5, 36

5, 35

5, 36

5, 35

4, 36

5, 36

5, 36

5, 36

5, 36

5, 36

5, 36

5, 37

5, 37

4, 37

4, 37

4, 37

4, 37

4, 37

4, 37

4, 37

4, 37

4, 38

4, 37

end [ 150]

start

4, 37

4, 37

5, 37

5, 37

4, 37

4, 37

4, 37

5, 37

5, 37

4, 36

4, 37

5, 37

5, 37

5, 36

5, 36

4, 37

4, 37

4, 37

5, 36

4, 36

5, 37

5, 36

4, 37

5, 36

5, 36

5, 36

5, 37

4, 37

4, 37

4, 37

4, 37

4, 37

4, 37

4, 37

4, 37

4, 37

4, 38

4, 37

4, 37

4, 37

4, 37

4, 37

4, 37

4, 37

4, 37

4, 37

4, 38

4, 37

4, 38

4, 39

4, 38

4, 38

3, 38

3, 38

4, 38

4, 38

4, 38

4, 38

4, 38

3, 39

4, 38

4, 37

3, 38

4, 38

4, 38

4, 37

4, 38

4, 38

4, 38

4, 39

4, 38

4, 37

4, 37

4, 37

4, 37

4, 37

4, 37

4, 37

4, 37

4, 37

4, 37

4, 37

4, 37

4, 37

4, 37

4, 37

4, 37

4, 37

4, 37

4, 37

4, 37

4, 37

4, 37

4, 37

4, 37

4, 37

4, 37

4, 37

5, 36

5, 36

5, 36

5, 36

5, 37

5, 36

5, 35

5, 35

5, 36

5, 35

6, 35

5, 36

5, 36

5, 36

5, 37

5, 36

5, 36

5, 36

4, 37

4, 37

4, 37

4, 37

4, 38

3, 38

4, 38

4, 38

3, 37

3, 38

3, 38

3, 39

3, 39

3, 38

3, 38

3, 38

3, 39

3, 39

3, 37

3, 38

3, 39

4, 38

3, 39

4, 38

3, 38

3, 38

4, 38

3, 38

4, 38

3, 38

4, 38

4, 38

3, 38

3, 38

4, 38

3, 38

4, 38

4, 37

4, 38

4, 38

4, 38

3, 38

4, 38

4, 38

4, 38

4, 38

4, 38

4, 38

3, 38

4, 38

4, 38

4, 38

4, 38

4, 38

4, 37

4, 38

4, 37

4, 37

4, 37

4, 38

4, 37

4, 37

4, 37

4, 37

4, 37

4, 38

4, 37

4, 37

4, 37

4, 37

4, 37

4, 38

3, 38

4, 38

4, 38

4, 39

4, 37

4, 38

3, 38

4, 38

4, 37

4, 38

4, 38

4, 38

4, 37

4, 38

4, 37

4, 38

4, 37

4, 37

4, 37

4, 37

4, 37

4, 37

4, 37

4, 37

4, 37

4, 37

4, 38

4, 37

4, 37

4, 37

4, 38

4, 38

4, 38

4, 38

4, 38

3, 38

3, 40

4, 39

4, 38

3, 38

3, 39

3, 39

4, 38

3, 38

3, 39

3, 39

3, 40

3, 39

3, 38

3, 38

4, 38

4, 38

4, 38

3, 38

4, 38

4, 38

4, 39

4, 37

4, 38

3, 38

4, 38

4, 38

4, 38

4, 38

4, 38

4, 38

4, 38

4, 38

4, 38

3, 39

4, 38

4, 38

4, 38

4, 38

4, 38

4, 38

4, 38

4, 38

4, 38

4, 39

4, 38

4, 38

3, 38

4, 38

4, 38

4, 38

4, 38

4, 38

4, 38

3, 39

4, 38

4, 38

3, 38

4, 38

4, 38

4, 37

4, 38

4, 38

4, 38

4, 38

4, 38

4, 38

3, 38

4, 39

4, 38

4, 38

4, 38

4, 38

4, 38

4, 38

4, 38

4, 38

3, 38

4, 38

4, 37

4, 37

4, 37

4, 37

4, 37

4, 37

4, 37

4, 37

4, 37

4, 37

4, 37

4, 37

4, 37

4, 37

4, 37

4, 37

4, 37

4, 37

4, 38

4, 37

4, 37

4, 37

4, 37

4, 37

4, 37

4, 37

4, 37

4, 37

4, 38

4, 37

4, 37

4, 37

4, 37

4, 37

4, 37

4, 37

4, 37

4, 37

4, 37

4, 37

4, 37

4, 37

4, 37

4, 37

4, 37

4, 37

4, 37

4, 37

4, 37

4, 37

4, 37

4, 37

4, 37

4, 37

4, 37

4, 36

4, 37

4, 37

4, 37

4, 37

4, 37

4, 37

4, 37

4, 37

4, 37

4, 37

4, 37

4, 37

4, 37

4, 37

4, 37

4, 37

4, 37

4, 37

4, 37

4, 37

4, 37

4, 37

4, 37

4, 37

4, 37

4, 38

4, 37

4, 37

4, 37

4, 37

4, 37

4, 37

4, 37

4, 37

4, 37

4, 37

4, 37

4, 37

4, 37

4, 37

4, 37

4, 37

4, 37

4, 37

4, 37

4, 37

4, 37

4, 38

4, 37

4, 37

4, 37

4, 38

4, 37

4, 37

3, 37

4, 38

4, 37

4, 37

4, 37

4, 37

4, 37

4, 38

4, 37

4, 38

4, 37

4, 37

4, 37

4, 37

4, 37

4, 37

4, 37

4, 37

4, 37

4, 38

4, 37

4, 38

4, 38

4, 37

4, 37

4, 37

4, 38

4, 38

4, 37

4, 37

4, 37

4, 37

4, 37

4, 37

4, 37

4, 37

4, 37

4, 37

4, 37

4, 37

4, 37

4, 37

4, 37

3, 38

4, 37

4, 37

4, 37

4, 37

4, 37

4, 37

4, 38

4, 37

4, 37

end [ 150]

gain [ 160]

gain [ 170]

start

6, 39

6, 38

6, 39

7, 38

7, 37

7, 37

7, 37

8, 36

8, 37

8, 36

8, 36

7, 36

8, 36

8, 36

8, 36

8, 36

8, 36

7, 37

7, 38

8, 36

8, 36

7, 36

8, 36

8, 37

8, 36

7, 36

8, 36

8, 36

7, 37

7, 37

8, 36

8, 37

8, 36

7, 36

7, 36

7, 37

7, 37

8, 36

7, 37

8, 36

7, 37

7, 38

7, 37

7, 37

7, 37

7, 37

7, 37

7, 37

7, 37

7, 37

7, 37

7, 38

8, 37

8, 37

7, 37

7, 37

7, 37

7, 37

8, 37

7, 37

7, 37

7, 38

7, 37

7, 37

7, 37

8, 36

8, 36

7, 38

7, 37

7, 37

7, 36

8, 37

7, 36

8, 36

7, 37

8, 36

8, 36

7, 36

7, 37

7, 37

7, 37

7, 38

7, 36

7, 37

7, 37

7, 37

7, 37

7, 37

7, 37

7, 37

7, 38

8, 37

8, 37

7, 36

7, 38

7, 37

7, 37

8, 37

8, 36

7, 37

7, 38

7, 38

7, 37

6, 37

7, 38

7, 37

7, 37

7, 36

8, 36

8, 36

8, 37

7, 36

7, 37

6, 37

7, 38

7, 36

7, 36

7, 36

7, 37

7, 37

8, 37

8, 36

7, 37

7, 37

8, 36

8, 37

8, 36

7, 37

7, 37

7, 37

8, 38

8, 37

8, 36

7, 38

7, 38

7, 37

7, 36

8, 36

8, 36

7, 37

8, 37

8, 36

8, 36

8, 37

8, 36

7, 37

7, 36

8, 36

8, 36

7, 36

7, 36

7, 37

7, 37

8, 37

7, 36

7, 36

7, 37

7, 38

7, 37

7, 37

7, 37

7, 37

7, 37

7, 38

8, 37

8, 36

7, 36

7, 38

7, 37

7, 37

7, 36

8, 36

7, 37

7, 38

7, 37

7, 37

7, 37

7, 37

7, 37

7, 37

7, 37

7, 37

7, 37

7, 37

7, 37

7, 37

7, 38

7, 37

7, 37

7, 37

7, 37

7, 37

7, 37

8, 38

7, 37

7, 37

7, 38

7, 37

7, 37

7, 36

7, 37

7, 37

7, 37

7, 37

7, 36

7, 37

7, 38

7, 37

7, 37

7, 36

7, 37

7, 37

7, 37

7, 37

7, 37

7, 37

7, 38

7, 37

7, 37

7, 37

7, 38

7, 37

7, 37

7, 36

7, 37

7, 37

7, 38

7, 37

7, 37

7, 37

7, 37

7, 37

7, 37

7, 37

7, 37

7, 37

7, 37

8, 37

7, 37

7, 37

7, 37

7, 37

8, 37

8, 36

7, 37

7, 37

7, 37

7, 37

7, 37

8, 37

8, 36

7, 37

7, 37

8, 36

8, 36

8, 36

7, 37

7, 37

7, 37

7, 38

8, 36

7, 36

7, 37

7, 37

8, 36

7, 37

7, 36

7, 37

7, 37

7, 38

7, 37

7, 37

7, 37

7, 37

7, 37

8, 38

7, 36

7, 37

7, 37

7, 38

8, 37

8, 37

7, 36

7, 37

7, 37

8, 38

8, 37

7, 37

6, 37

7, 38

7, 37

8, 36

8, 36

7, 37

7, 37

7, 37

7, 37

7, 37

6, 37

7, 37

7, 37

7, 37

7, 37

7, 37

7, 37

7, 37

7, 37

7, 37

7, 37

7, 38

7, 37

7, 37

7, 38

7, 37

7, 37

7, 37

7, 37

7, 37

7, 38

7, 37

7, 37

7, 37

7, 38

7, 37

7, 37

7, 37

7, 37

7, 37

7, 38

7, 37

7, 37

6, 37

7, 38

7, 37

7, 37

7, 37

7, 37

7, 37

7, 38

7, 37

7, 37

6, 37

7, 38

7, 37

7, 37

7, 37

7, 37

7, 37

7, 38

7, 37

7, 37

7, 38

7, 38

7, 37

7, 37

7, 37

7, 37

7, 37

7, 37

7, 37

7, 37

7, 38

7, 37

7, 37

6, 37

7, 37

7, 37

7, 37

7, 37

7, 37

7, 37

7, 38

7, 37

7, 37

6, 37

7, 38

7, 37

7, 37

7, 37

7, 37

7, 37

7, 38

7, 37

7, 37

7, 37

7, 38

7, 37

7, 37

7, 37

7, 37

7, 37

7, 38

7, 37

7, 37

7, 37

7, 37

7, 37

7, 37

7, 37

7, 37

7, 37

7, 38

7, 37

7, 37

7, 38

7, 37

7, 37

7, 37

7, 37

8, 36

7, 37

7, 38

7, 37

7, 37

8, 37

7, 37

7, 37

6, 37

7, 37

7, 37

7, 37

7, 37

7, 37

7, 37

7, 38

7, 37

7, 37

6, 37

7, 37

7, 37

7, 37

7, 37

7, 37

7, 37

7, 38

7, 37

7, 37

7, 37

7, 38

7, 37

7, 37

7, 37

7, 37

7, 37

7, 38

7, 38

7, 37

7, 37

7, 37

7, 37

7, 37

7, 37

7, 37

7, 37

7, 37

7, 37

7, 37

7, 37

7, 37

7, 36

7, 37

7, 37

7, 37

7, 37

7, 37

7, 37

7, 37

7, 38

7, 37

7, 37

7, 37

7, 37

7, 37

7, 37

7, 37

7, 37

7, 37

7, 38

7, 37

7, 37

7, 37

8, 36

7, 37

7, 37

7, 37

7, 37

7, 37

7, 38

7, 37

7, 37

7, 37

8, 36

8, 36

7, 36

7, 37

7, 37

7, 37

7, 38

7, 37

7, 37

7, 37

7, 38

7, 37

7, 37

7, 36

7, 37

7, 37

7, 38

7, 37

7, 37

7, 37

7, 37

7, 37

8, 37

7, 37

7, 37

7, 37

7, 37

8, 37

7, 37

7, 37

7, 37

7, 37

8, 37

8, 36

7, 37

7, 37

7, 37

7, 37

8, 36

7, 38

7, 37

7, 37

7, 37

7, 37

7, 37

8, 36

7, 37

7, 37

8, 36

7, 38

8, 36

7, 36

7, 37

7, 37

8, 36

8, 36

7, 36

7, 37

7, 37

7, 37

7, 37

7, 37

7, 37

7, 37

7, 37

8, 37

8, 36

7, 37

7, 37

7, 37

8, 37

7, 37

7, 37

7, 38

7, 37

7, 37

7, 37

7, 37

7, 37

7, 38

7, 37

7, 37

7, 37

8, 36

7, 37

7, 37

7, 37

7, 37

7, 37

7, 37

7, 37

7, 37

7, 37

7, 37

7, 37

7, 37

7, 37

7, 37

7, 37

7, 37

7, 37

7, 37

7, 38

7, 37

7, 37

7, 37

7, 37

7, 37

7, 37

7, 38

7, 37

7, 37

7, 38

7, 37

7, 37

7, 37

7, 37

7, 37

7, 37

8, 37

7, 37

7, 37

7, 38

7, 37

7, 37

7, 37

8, 36

7, 37

7, 36

8, 37

8, 36

7, 36

8, 36

7, 37

7, 37

7, 37

7, 37

8, 36

7, 37

7, 37

7, 37

7, 37

7, 37

7, 36

7, 37

7, 37

7, 37

7, 37

7, 37

7, 37

7, 37

7, 37

7, 37

7, 37

7, 37

7, 37

7, 37

7, 37

7, 37

7, 37

7, 37

7, 37

7, 38

7, 37

8, 36

7, 38

7, 38

8, 37

8, 36

8, 36

8, 36

8, 36

7, 37

8, 36

7, 37

8, 37

8, 36

7, 36

7, 37

7, 37

8, 36

8, 36

7, 36

7, 37

7, 36

7, 37

8, 36

8, 36

7, 37

8, 36

7, 37

7, 37

7, 36

7, 37

7, 36

7, 38

7, 37

7, 36

7, 37

7, 38

7, 37

7, 38

7, 37

7, 37

7, 37

7, 38

8, 37

7, 37

7, 37

8, 37

8, 36

8, 36

8, 36

8, 36

6, 37

8, 36

8, 36

8, 36

8, 36

7, 37

7, 37

8, 37

8, 36

8, 36

7, 37

7, 37

7, 37

7, 36

8, 37

7, 37

7, 37

7, 37

8, 36

8, 36

8, 36

7, 36

8, 36

7, 36

8, 37

8, 36

7, 36

7, 36

8, 36

8, 36

8, 37

7, 36

7, 37

7, 37

7, 38

7, 37

7, 36

7, 37

7, 37

7, 37

7, 38

7, 37

7, 37

7, 37

7, 37

7, 37

7, 37

7, 37

7, 37

7, 37

7, 38

7, 37

7, 37

6, 37

7, 38

7, 37

7, 37

7, 37

7, 37

7, 37

7, 37

6, 38

7, 38

6, 38

7, 38

7, 38

6, 38

6, 38

6, 38

7, 38

7, 38

6, 38

7, 38

7, 38

7, 37

7, 37

6, 38

7, 38

7, 37

7, 37

7, 37

6, 38

7, 38

7, 39

7, 38

7, 38

6, 38

6, 39

7, 38

7, 38

6, 38

6, 38

7, 38

7, 39

7, 38

7, 38

6, 38

6, 38

7, 38

7, 38

7, 37

7, 37

7, 37

8, 38

8, 37

8, 36

6, 37

8, 36

8, 36

8, 36

7, 36

8, 36

8, 36

8, 37

8, 36

8, 36

6, 37

7, 37

7, 37

7, 36

7, 36

7, 37

7, 37

7, 37

7, 37

7, 37

7, 37

7, 37

7, 37

7, 37

7, 37

7, 37

7, 37

7, 37

7, 37

7, 37

7, 38

7, 38

7, 37

7, 36

8, 37

8, 36

7, 37

7, 37

7, 37

8, 36

8, 37

7, 37

7, 37

7, 37

7, 38

8, 36

7, 36

7, 37

8, 36

8, 36

8, 38

7, 36

7, 37

6, 37

7, 37

7, 37

7, 37

7, 37

7, 37

7, 37

7, 38

7, 37

gain [ 100]

start

0, 5

0, 29

0, 29

0, 29

0, 28

0, 29

0, 29

0, 29

0, 29

0, 29

0, 29

0, 29

0, 29

0, 29

0, 29

0, 29

0, 29

0, 29

0, 29

0, 29

0, 29

0, 29

0, 29

0, 29

0, 29

0, 29

0, 29

0, 29

0, 29

0, 29

0, 29

0, 29

0, 29

0, 29

0, 29

0, 29

0, 29

0, 29

0, 29

0, 29

0, 29

0, 29

0, 29

0, 29

0, 29

0, 29

0, 29

0, 29

0, 29

0, 29

0, 29

0, 29

0, 29

0, 29

0, 29

0, 29

0, 29

0, 29

0, 29

0, 29

0, 29

end [ 100]

start

0, 5

0, 29

0, 29

0, 29

0, 29

0, 29

0, 29

0, 29

0, 29

0, 29

0, 29

0, 29

0, 29

0, 29

0, 29

0, 29

0, 29

0, 29

0, 29

0, 29

0, 29

0, 29

0, 29

0, 29

0, 29

0, 29

0, 29

0, 29

0, 29

0, 29

0, 29

0, 29

0, 29

0, 29

0, 29

0, 29

0, 29

0, 29

0, 29

0, 29

0, 29

0, 29

0, 29

0, 29

0, 29

0, 29

0, 29

0, 29

0, 29

0, 30

0, 29

0, 29

0, 29

0, 29

0, 29

0, 29

end [ 100]

gain [ 110]

gain [ 120]

gain [ 130]

gain [ 140]

start

0, 5

0, 40

0, 41

0, 40

0, 40

0, 40

0, 40

0, 40

0, 41

0, 40

0, 40

0, 40

0, 41

0, 40

0, 40

0, 40

0, 40

0, 41

0, 41

0, 40

0, 40

0, 41

0, 41

0, 40

0, 40

0, 40

0, 41

0, 41

0, 41

0, 40

0, 40

0, 41

0, 41

0, 40

0, 40

0, 40

0, 40

0, 41

0, 40

0, 40

0, 40

0, 41

0, 41

0, 40

0, 40

0, 40

0, 40

0, 41

0, 40

0, 40

0, 41

0, 41

1, 40

1, 40

0, 39

1, 39

1, 39

1, 39

2, 38

2, 37

2, 38

2, 38

3, 37

2, 36

3, 36

3, 37

3, 37

3, 36

3, 36

3, 36

3, 36

3, 37

3, 36

2, 36

3, 36

3, 37

3, 37

3, 36

3, 37

2, 36

3, 37

3, 37

end [ 140]

gain [ 150]

gain [ 160]

start

0, 5

0, 47

0, 47

0, 46

0, 46

0, 46

0, 47

0, 46

0, 47

0, 46

0, 46

0, 47

0, 47

0, 46

0, 46

0, 46

0, 46

0, 46

0, 46

0, 46

0, 46

0, 47

0, 47

0, 46

0, 46

0, 46

0, 46

2, 44

4, 41

5, 37

7, 34

10, 31

12, 28

14, 25

14, 23

15, 22

15, 22

15, 23

15, 23

13, 25

12, 27

11, 29

8, 32

6, 36

5, 39

3, 42

1, 45

0, 46

0, 46

0, 46

0, 47

0, 47

0, 46

0, 46

0, 46

0, 47

0, 46

0, 46

0, 46

0, 46

1, 46

2, 45

3, 42

4, 38

6, 37

7, 35

10, 32

11, 30

12, 27

13, 26

13, 26

13, 26

13, 25

12, 26

12, 28

11, 29

9, 31

7, 34

7, 36

5, 37

4, 40

3, 42

2, 43

1, 44

1, 46

1, 46

0, 45

0, 45

1, 45

1, 45

1, 45

2, 44

2, 43

3, 42

4, 41

5, 39

6, 37

6, 36

7, 35

8, 34

8, 33

9, 32

9, 32

9, 32

9, 32

9, 32

8, 33

8, 33

8, 34

7, 36

7, 36

6, 37

5, 36

5, 38

5, 39

4, 39

3, 40

4, 40

4, 40

3, 41

3, 40

4, 40

3, 40

4, 40

4, 40

4, 39

4, 39

5, 39

5, 39

6, 39

6, 37

5, 37

5, 38

6, 37

6, 37

5, 36

6, 36

6, 37

6, 37

6, 36

5, 37

5, 38

5, 39

6, 38

5, 37

5, 37

5, 37

5, 38

6, 37

6, 37

5, 37

6, 37

6, 38

6, 37

6, 36

6, 37

6, 37

6, 37

6, 37

6, 36

6, 37

6, 37

6, 37

6, 37

6, 37

6, 37

6, 37

6, 37

6, 37

6, 36

6, 37

5, 37

6, 37

6, 36

6, 36

6, 36

6, 37

6, 37

6, 36

5, 38

5, 37

6, 38

6, 38

6, 37

5, 37

5, 38

6, 38

6, 38

6, 37

6, 37

5, 38

6, 38

6, 38

6, 37

5, 37

6, 37

6, 38

6, 38

6, 37

6, 36

6, 37

6, 39

6, 37

5, 37

5, 37

6, 37

6, 38

6, 37

5, 37

6, 37

6, 37

6, 39

6, 37

5, 37

5, 38

6, 37

6, 37

5, 36

5, 37

5, 38

6, 38

6, 38

6, 36

6, 36

6, 38

5, 38

6, 38

5, 38

5, 38

5, 38

6, 37

6, 37

6, 37

5, 37

5, 39

end [ 160]

gain [ 170]

gain [ 180]

gain [ 190]

gain [ 200]

gain [ 210]

gain [ 220]

start

0, 5

0, 64

0, 64

0, 64

0, 64

0, 64

0, 65

0, 64

0, 63

0, 63

0, 64

0, 64

0, 64

0, 64

0, 63

0, 63

3, 60

9, 48

15, 36

20, 19

26, 7

33, 5

40, 5

45, 5

49, 5

51, 5

52, 5

52, 5

49, 5

46, 5

42, 5

35, 5

27, 5

19, 22

10, 43

0, 64

0, 64

0, 64

0, 64

0, 63

3, 57

14, 39

22, 22

29, 5

36, 5

43, 5

49, 5

52, 5

53, 5

53, 5

52, 5

48, 5

44, 5

39, 5

30, 5

24, 12

11, 32

1, 62

0, 64

0, 64

0, 64

0, 64

3, 57

12, 38

19, 20

29, 5

36, 5

42, 5

47, 5

52, 5

53, 5

53, 5

52, 5

49, 5

45, 5

38, 5

30, 5

22, 14

13, 36

3, 57

0, 64

0, 64

0, 64

0, 64

2, 61

12, 43

22, 17

29, 5

36, 5

45, 5

49, 5

53, 5

55, 5

54, 5

53, 5

50, 5

45, 5

41, 5

34, 5

23, 6

14, 25

3, 56

0, 64

0, 65

0, 64

0, 63

1, 60

10, 42

19, 22

29, 6

36, 5

43, 5

48, 5

52, 5

55, 5

55, 5

53, 5

50, 5

45, 5

40, 5

33, 5

25, 8

16, 27

6, 51

0, 64

0, 63

0, 64

0, 64

2, 63

11, 45

20, 20

27, 5

34, 5

44, 5

49, 5

51, 5

55, 5

55, 5

53, 5

50, 5

46, 5

41, 5

35, 5

24, 5

15, 30

5, 53

0, 65

0, 64

0, 64

0, 64

1, 61

9, 44

21, 27

28, 8

35, 5

42, 5

48, 5

53, 5

55, 5

54, 5

53, 5

52, 5

46, 5

41, 5

34, 5

26, 7

18, 24

4, 47

0, 63

0, 63

0, 64

0, 64

2, 64

10, 42

17, 26

25, 9

33, 5

43, 5

46, 5

end [ 220]

gain [ 210]

start

0, 5

0, 61

0, 60

0, 62

0, 61

0, 61

0, 60

0, 60

0, 61

0, 61

0, 62

0, 61

0, 60

0, 62

0, 61

2, 59

3, 53

6, 47

10, 40

15, 30

20, 22

24, 11

28, 5

31, 5

35, 5

36, 5

36, 5

35, 5

34, 5

30, 5

26, 5

21, 16

14, 30

7, 46

0, 60

0, 60

0, 60

0, 61

0, 61

2, 61

7, 49

14, 32

20, 18

26, 6

33, 5

37, 5

41, 5

44, 5

45, 5

44, 5

41, 5

39, 5

34, 5

26, 5

19, 14

10, 37

2, 56

0, 61

0, 61

0, 60

0, 61

1, 59

7, 47

18, 31

24, 16

30, 5

35, 5

41, 5

45, 5

48, 5

48, 5

46, 5

44, 5

39, 5

34, 5

28, 5

21, 18

12, 36

0, 56

0, 60

0, 60

0, 61

0, 61

3, 59

11, 37

18, 22

25, 8

34, 5

40, 5

45, 5

48, 5

49, 5

49, 5

48, 5

44, 5

41, 5

35, 5

26, 5

18, 20

9, 42

0, 60

0, 62

0, 61

0, 60

0, 60

4, 52

12, 36

22, 19

29, 5

35, 5

41, 5

46, 5

49, 5

49, 5

49, 5

end [ 210]

gain [ 200]

start

0, 5

0, 58

0, 58

0, 58

0, 58

0, 58

0, 59

0, 58

0, 58

0, 58

0, 59

0, 58

0, 58

0, 58

0, 58

0, 58

0, 59

0, 58

1, 55

3, 51

7, 44

13, 35

17, 23

22, 14

26, 6

31, 5

34, 5

36, 5

38, 5

36, 5

35, 5

32, 5

28, 5

23, 11

18, 23

8, 37

1, 52

0, 58

0, 58

0, 59

0, 58

1, 58

6, 46

12, 34

19, 22

25, 11

30, 5

34, 5

37, 5

39, 5

39, 5

37, 5

34, 5

31, 5

26, 6

18, 17

11, 36

3, 51

0, 59

0, 59

0, 58

0, 58

0, 58

4, 51

13, 37

18, 24

24, 11

28, 5

32, 5

36, 5

38, 5

37, 5

36, 5

34, 5

29, 5

25, 9

18, 21

11, 36

3, 53

0, 58

0, 58

0, 58

0, 58

0, 58

7, 48

13, 32

19, 20

24, 9

31, 5

34, 5

38, 5

39, 5

39, 5

36, 5

33, 5

29, 5

25, 9

18, 22

9, 36

1, 52

0, 58

0, 59

0, 58

0, 58

1, 58

7, 45

13, 32

19, 21

25, 11

30, 5

33, 5

36, 5

37, 5

35, 5

34, 5

31, 5

27, 5

21, 15

14, 26

6, 46

0, 58

0, 59

0, 58

0, 58

0, 58

1, 55

8, 43

17, 30

22, 17

27, 5

32, 5

36, 5

40, 5

40, 5

40, 5

39, 5

35, 5

30, 5

25, 7

18, 21

11, 37

2, 54

0, 58

0, 58

0, 58

0, 58

0, 58

8, 47

15, 29

19, 18

25, 8

31, 5

34, 5

36, 5

37, 5

36, 5

34, 5

31, 5

26, 5

20, 18

15, 29

4, 45

0, 57

0, 58

0, 58

0, 58

0, 59

3, 55

9, 40

16, 27

21, 16

28, 6

31, 5

35, 5

36, 5

36, 5

35, 5

33, 5

29, 5

24, 11

18, 20

10, 33

2, 53

0, 58

0, 58

0, 58

0, 58

0, 58

4, 49

11, 37

19, 25

25, 13

29, 5

33, 5

37, 5

39, 5

39, 5

37, 5

34, 5

32, 5

26, 5

20, 17

13, 32

5, 49

0, 58

0, 58

0, 58

0, 58

0, 58

3, 52

13, 37

18, 20

24, 9

30, 5

36, 5

40, 5

42, 5

43, 5

41, 5

39, 5

35, 5

30, 5

23, 12

17, 25

6, 41

0, 57

0, 58

0, 58

0, 59

0, 59

4, 49

12, 35

18, 22

25, 9

32, 5

36, 5

41, 5

43, 5

44, 5

43, 5

41, 5

37, 5

32, 5

25, 6

17, 18

8, 41

0, 57

0, 58

0, 59

0, 58

0, 58

2, 54

9, 40

18, 26

25, 9

30, 5

35, 5

39, 5

43, 5

43, 5

41, 5

39, 5

36, 5

30, 5

23, 11

17, 25

8, 41

1, 58

0, 58

0, 58

0, 58

0, 59

4, 55

12, 40

18, 21

25, 9

30, 5

38, 5

41, 5

44, 5

44, 5

44, 5

40, 5

38, 5

33, 5

27, 5

20, 19

9, 35

1, 52

0, 58

0, 59

0, 58

0, 58

2, 54

8, 41

16, 26

24, 15

29, 5

34, 5

37, 5

40, 5

41, 5

41, 5

39, 5

35, 5

30, 5

23, 10

15, 21

7, 45

0, 59

0, 59

0, 58

0, 58

0, 58

3, 53

10, 39

19, 25

25, 9

30, 5

35, 5

39, 5

41, 5

41, 5

40, 5

38, 5

32, 5

27, 5

21, 15

14, 29

5, 48

0, 59

0, 58

0, 58

0, 58

0, 58

6, 52

13, 37

20, 18

25, 7

30, 5

36, 5

40, 5

41, 5

41, 5

40, 5

38, 5

33, 5

28, 5

22, 15

15, 28

4, 44

0, 58

0, 58

0, 58

0, 58

0, 58

5, 48

12, 34

18, 23

26, 10

31, 5

35, 5

40, 5

41, 5

41, 5

40, 5

37, 5

34, 5

29, 5

21, 13

13, 27

3, 50

0, 59

0, 58

0, 58

0, 58

0, 57

4, 48

12, 35

21, 22

26, 6

31, 5

35, 5

38, 5

40, 5

40, 5

38, 5

end [ 200]

gain [ 199]

gain [ 198]

gain [ 197]

gain [ 196]

gain [ 195]

start

0, 5

0, 56

0, 57

0, 56

0, 56

0, 56

0, 57

0, 57

0, 56

0, 56

0, 57

0, 57

0, 56

0, 56

0, 56

0, 56

0, 57

0, 56

1, 55

2, 52

5, 46

10, 39

14, 31

18, 21

22, 13

25, 7

30, 5

32, 5

33, 5

33, 5

32, 5

29, 5

25, 7

21, 15

17, 24

10, 38

1, 51

0, 56

0, 56

0, 57

0, 57

0, 56

2, 51

8, 40

14, 30

22, 19

25, 10

29, 5

32, 5

34, 5

35, 5

34, 5

32, 5

29, 5

25, 7

19, 17

13, 28

5, 47

0, 58

0, 57

0, 56

0, 56

0, 56

1, 54

7, 42

15, 31

20, 18

24, 9

28, 5

32, 5

34, 5

34, 5

33, 5

31, 5

27, 5

23, 9

17, 22

10, 35

3, 51

0, 57

0, 56

0, 56

0, 56

0, 57

4, 53

10, 41

15, 27

20, 16

25, 9

30, 5

32, 5

34, 5

34, 5

33, 5

29, 5

26, 5

21, 15

16, 27

9, 41

0, 54

0, 56

0, 56

0, 57

0, 56

1, 56

6, 45

12, 34

17, 24

24, 14

28, 6

32, 5

34, 5

36, 5

35, 5

34, 5

31, 5

28, 5

23, 13

15, 23

8, 37

0, 55

0, 57

0, 57

0, 57

0, 56

0, 55

5, 46

12, 34

20, 23

24, 9

29, 5

34, 5

37, 5

39, 5

39, 5

38, 5

35, 5

30, 5

25, 5

18, 20

12, 32

4, 49

0, 57

0, 56

0, 56

0, 56

0, 57

5, 51

12, 38

18, 21

23, 11

29, 5

34, 5

38, 5

39, 5

39, 5

38, 5

34, 5

30, 5

24, 9

end [ 195]

gain [ 194]

gain [ 193]

gain [ 192]

gain [ 191]

gain [ 190]

gain [ 189]

gain [ 188]

start

0, 5

0, 54

0, 55

0, 55

0, 55

0, 54

0, 54

0, 54

0, 56

0, 54

0, 54

0, 55

0, 55

0, 55

0, 54

0, 54

0, 54

1, 54

2, 53

5, 47

7, 41

9, 37

13, 30

18, 23

21, 17

23, 10

25, 7

27, 5

27, 5

27, 5

25, 7

23, 12

21, 16

15, 23

9, 36

4, 46

0, 55

0, 54

0, 54

0, 54

0, 54

0, 56

2, 52

7, 44

11, 32

17, 23

21, 16

25, 9

29, 5

31, 5

32, 5

32, 5

31, 5

29, 5

25, 7

21, 15

17, 23

8, 37

1, 48

0, 54

0, 54

0, 55

0, 55

0, 54

2, 50

7, 41

13, 30

19, 21

23, 12

27, 5

30, 5

32, 5

33, 5

31, 5

31, 5

28, 5

24, 9

19, 16

13, 30

7, 42

0, 55

0, 55

0, 54

0, 54

0, 55

0, 54

6, 46

11, 36

17, 23

22, 14

26, 7

31, 5

34, 5

35, 5

35, 5

34, 5

32, 5

29, 5

24, 9

18, 19

13, 30

3, 44

0, 54

0, 54

0, 55

0, 55

0, 54

2, 50

8, 39

14, 28

22, 18

25, 9

30, 5

34, 5

36, 5

36, 5

36, 5

34, 5

32, 5

28, 5

21, 12

15, 26

7, 40

0, 54

0, 55

0, 54

0, 54

0, 54

0, 54

6, 45

14, 32

20, 17

24, 9

29, 5

33, 5

35, 5

36, 5

36, 5

35, 5

32, 5

28, 5

24, 10

17, 23

10, 36

1, 49

0, 54

0, 54

0, 55

0, 55

0, 55

6, 48

12, 32

17, 23

23, 12

29, 5

32, 5

35, 5

37, 5

36, 5

35, 5

33, 5

30, 5

25, 8

18, 16

11, 28

3, 48

0, 54

0, 55

0, 55

0, 54

0, 54

2, 49

9, 38

17, 28

22, 16

27, 5

31, 5

34, 5

36, 5

36, 5

36, 5

34, 5

31, 5

25, 5

20, 16

14, 28

6, 44

end [ 188]

gain [ 187]

gain [ 186]

gain [ 185]

gain [ 184]

gain [ 183]

gain [ 182]

gain [ 181]

gain [ 180]

start

0, 5

0, 52

0, 52

0, 52

0, 52

0, 52

0, 52

0, 52

0, 52

0, 52

0, 53

0, 52

0, 52

0, 52

0, 52

0, 52

0, 52

0, 52

0, 52

0, 52

2, 50

4, 45

7, 39

10, 34

14, 28

18, 22

20, 18

22, 12

24, 10

25, 9

24, 9

23, 10

22, 12

20, 17

17, 23

12, 29

7, 39

2, 48

0, 52

0, 53

0, 52

0, 52

0, 52

0, 53

0, 52

3, 49

6, 40

10, 34

15, 26

19, 22

22, 14

24, 8

26, 6

27, 5

27, 5

26, 5

24, 8

22, 13

18, 19

12, 28

7, 38

1, 50

0, 53

0, 53

0, 53

0, 52

0, 52

1, 51

5, 43

11, 35

16, 24

20, 16

23, 13

26, 5

29, 5

29, 5

29, 5

28, 5

25, 7

21, 11

17, 21

12, 31

6, 42

0, 52

0, 52

0, 52

0, 53

0, 52

0, 52

3, 49

8, 38

12, 30

17, 23

22, 16

25, 8

27, 5

28, 5

28, 5

27, 5

25, 7

23, 11

19, 17

13, 25

7, 36

1, 50

0, 52

0, 52

0, 52

0, 52

0, 52

1, 51

5, 43

11, 36

15, 27

19, 18

22, 13

25, 8

27, 5

28, 5

28, 5

27, 5

25, 10

21, 13

17, 22

10, 32

5, 43

0, 52

0, 52

0, 52

0, 52

0, 52

0, 53

3, 49

8, 38

12, 30

17, 23

22, 15

25, 10

27, 5

29, 5

29, 5

28, 5

26, 5

24, 10

20, 17

16, 24

8, 34

2, 45

0, 52

0, 52

0, 52

0, 53

0, 52

1, 51

5, 45

10, 35

15, 27

18, 18

22, 12

25, 7

28, 5

28, 5

28, 5

26, 5

24, 9

21, 14

16, 21

10, 34

4, 44

0, 52

0, 52

0, 52

0, 52

0, 52

0, 53

4, 48

8, 40

13, 28

17, 23

21, 15

25, 10

27, 5

28, 5

27, 5

28, 5

25, 5

23, 11

19, 18

15, 26

8, 37

1, 47

0, 52

0, 52

0, 52

0, 53

0, 52

1, 50

5, 42

10, 34

16, 26

20, 18

24, 10

26, 5

28, 5

30, 5

29, 5

27, 5

25, 7

23, 12

17, 19

11, 28

4, 44

0, 52

0, 53

0, 53

0, 52

0, 52

0, 53

3, 46

10, 37

15, 25

20, 16

23, 11

27, 6

29, 5

30, 5

30, 5

29, 5

26, 5

23, 10

18, 19

12, 30

7, 40

0, 52

0, 52

0, 52

0, 53

0, 53

1, 52

4, 47

9, 36

14, 28

18, 19

24, 13

26, 5

28, 5

29, 5

29, 5

28, 5

25, 7

23, 11

18, 20

14, 27

6, 39

0, 52

0, 52

0, 53

0, 52

0, 52

0, 52

2, 48

7, 39

13, 31

18, 22

21, 14

24, 8

27, 5

30, 5

30, 5

29, 5

27, 5

25, 8

20, 16

15, 26

8, 37

1, 49

0, 53

0, 53

0, 52

0, 52

0, 53

1, 50

8, 41

13, 28

18, 21

21, 14

25, 9

27, 5

28, 5

29, 5

28, 5

25, 5

23, 8

20, 17

15, 26

8, 38

1, 49

0, 52

0, 52

0, 53

0, 53

0, 52

2, 51

6, 40

11, 32

16, 25

21, 17

24, 10

26, 5

28, 5

29, 5

28, 5

26, 5

24, 10

21, 15

15, 24

9, 32

3, 47

0, 52

0, 53

0, 52

0, 52

0, 52

0, 51

4, 45

10, 38

15, 28

19, 18

22, 14

25, 9

27, 5

28, 5

27, 5

26, 5

25, 8

21, 14

16, 23

11, 32

5, 44

0, 52

0, 52

0, 52

0, 52

0, 52

0, 52

3, 49

7, 39

12, 31

16, 24

21, 17

24, 11

25, 7

27, 5

27, 5

26, 5

25, 6

22, 12

18, 18

15, 27

7, 37

1, 47

0, 52

0, 52

0, 52

0, 53

0, 52

1, 51

4, 45

8, 37

14, 30

17, 21

20, 15

24, 10

25, 7

26, 5

26, 5

25, 8

22, 12

20, 16

16, 22

10, 32

5, 42

0, 52

0, 52

0, 52

0, 52

0, 52

0, 53

1, 52

4, 46

8, 37

12, 30

17, 22

21, 17

23, 12

24, 8

25, 7

26, 8

25, 9

22, 12

19, 17

17, 23

12, 30

5, 39

0, 51

0, 52

0, 52

0, 53

0, 52

0, 52

0, 51

3, 47

8, 39

13, 32

16, 22

21, 15

23, 12

26, 7

27, 5

28, 5

27, 5

25, 7

22, 10

19, 15

14, 26

8, 37

3, 47

0, 53

0, 52

0, 52

0, 53

0, 53

1, 52

4, 43

9, 36

13, 29

18, 21

22, 15

24, 8

26, 5

27, 5

26, 5

25, 7

23, 10

21, 15

17, 22

9, 32

4, 42

0, 52

0, 52

0, 53

0, 52

0, 52

0, 52

1, 49

6, 41

12, 34

16, 23

20, 17

22, 11

25, 7

27, 5

27, 5

26, 5

25, 7

23, 11

18, 17

14, 27

8, 37

2, 48

0, 53

0, 52

0, 52

0, 52

0, 53

1, 52

4, 47

9, 36

13, 28

17, 23

21, 17

23, 12

24, 8

25, 7

25, 7

24, 8

21, 13

19, 18

15, 25

11, 34

4, 42

0, 51

0, 52

0, 53

0, 52

0, 52

0, 52

0, 51

4, 45

8, 40

14, 30

18, 21

20, 15

23, 10

26, 5

28, 5

28, 5

27, 5

25, 7

22, 13

18, 18

13, 28

7, 41

1, 51

0, 52

0, 52

0, 52

0, 52

0, 52

2, 52

6, 43

10, 35

14, 27

18, 20

22, 14

24, 8

25, 7

26, 5

26, 5

24, 8

22, 12

19, 18

14, 27

7, 36

2, 45

0, 52

0, 52

0, 52

0, 52

0, 52

0, 52

3, 47

7, 41

12, 32

16, 25

20, 17

22, 13

25, 8

26, 6

26, 5

25, 7

23, 10

22, 13

18, 20

12, 30

7, 39

2, 50

0, 52

0, 52

0, 52

0, 52

0, 52

0, 52

4, 47

8, 38

12, 30

16, 24

20, 18

23, 12

24, 8

25, 7

25, 7

24, 9

23, 10

19, 16

17, 23

12, 31

5, 40

0, 50

0, 52

0, 52

0, 53

0, 53

0, 52

0, 51

3, 47

7, 39

13, 32

16, 22

20, 16

22, 12

25, 10

25, 6

25, 7

24, 8

23, 12

20, 15

16, 21

12, 31

6, 41

1, 50

0, 53

0, 52

0, 52

0, 53

end [ 180]


Institution Logo
Lab Name

    Session

    Cancel
    Finish Session
    logout
    Logout
    help
    Help
    feedback
    Contact Support

Heli 2

Session Time
In Session: 00 : 02 : 21
Remaining:
00 : 07 : 39

Serial output
Serial output ...
start

0, 5 0

0, 55 0

0, 55 0

0, 56 0

0, 57 0

0, 56 0

0, 55 0

0, 55 0

0, 56 0

0, 56 0

0, 55 0

0, 55 0

0, 55 0

0, 56 0

0, 56 0

0, 55 0

0, 55 0

0, 55 0

0, 56 0

0, 55 0

2, 54 0

5, 45 0

9, 38 0

14, 31 0

20, 20 0

24, 13 0

29, 5 0

32, 5 1

35, 5 1

37, 5 1

37, 5 1

36, 5 1

34, 5 1

32, 5 1

26, 5 1

20, 15 1

14, 28 1

7, 42 1

0, 55 1

0, 55 1

0, 55 1

0, 55 1

0, 56 1

2, 55 1

8, 43 1

15, 27 1

21, 15 1

26, 6 1

33, 5 1

36, 5 1

38, 5 1

39, 5 1

39, 5 1

36, 5 1

33, 5 1

30, 5 1

24, 10 1

19, 21 1

8, 35 1

1, 53 1

0, 55 1

0, 56 1

0, 56 1

0, 56 1

0, 55 1

5, 45 1

12, 32 1

20, 20 1

26, 9 1

31, 5 1

35, 5 1

38, 5 1

40, 5 1

40, 5 1

38, 5 1

36, 5 1

33, 5 1

26, 5 1

20, 14 1

12, 31 1

4, 48 1

0, 56 1

0, 56 1

0, 55 1

0, 55 1

0, 56 1

4, 49 1

13, 35 1

19, 18 1

26, 6 1

32, 5 1

39, 5 1

42, 5 1

45, 5 1

45, 5 1

43, 5 1

41, 5 1

37, 5 1

31, 5 1

26, 6 1

19, 20 1

7, 36 1

0, 52 1

0, 55 1

0, 57 1

0, 56 1

0, 56 1

2, 54 1

10, 36 1

18, 22 1

25, 8 1

33, 5 1

40, 5 1

43, 5 1

47, 5 1

49, 5 1

49, 5 1

47, 5 1

end [ 190]

gain [ 90]

gain [ 190]

gain [ 180]

gain [ 169]

gain [ 159]

gain [ 149]

gain [ 139]

start

0, 5 0

0, 41 0

0, 41 0

0, 41 0

0, 41 0

0, 41 0

0, 41 0

0, 41 0

0, 41 0

0, 41 0

0, 41 0

0, 41 0

0, 41 0

0, 41 0

0, 41 0

0, 41 0

0, 41 0

0, 41 0

0, 41 0

0, 41 0

0, 41 0

0, 41 0

0, 42 0

0, 41 0

0, 41 0

0, 41 0

0, 41 0

0, 41 0

0, 42 0

0, 41 0

0, 41 0

0, 41 0

0, 41 0

0, 41 0

0, 41 0

0, 41 0

0, 41 0

0, 41 0

0, 41 0

0, 41 0

0, 41 0

0, 41 0

0, 41 0

0, 41 0

0, 41 0

0, 41 0

0, 41 0

0, 41 0

0, 41 0

0, 40 0

0, 40 0

0, 40 0

1, 40 0

0, 40 0

1, 40 0

1, 39 0

1, 39 0

1, 39 0

1, 39 0

2, 38 0

2, 38 0

2, 38 0

2, 38 0

2, 38 0

2, 37 0

2, 37 0

2, 37 0

2, 37 0

2, 37 0

2, 37 0

2, 37 0

2, 37 0

2, 37 0

2, 37 0

2, 37 0

2, 37 0

2, 38 0

2, 37 0

2, 37 0

2, 37 0

2, 38 0

2, 37 0

2, 37 0

2, 37 0

3, 37 0

2, 36 0

3, 37 0

3, 37 0

3, 36 0

3, 36 0

3, 37 0

3, 36 0

3, 36 0

3, 37 0

3, 36 0

2, 37 0

3, 37 0

3, 36 0

2, 36 0

3, 37 0

3, 37 0

3, 36 0

2, 37 0

2, 37 0

3, 36 0

3, 37 0

3, 37 0

3, 36 0

2, 36 0

3, 37 0

3, 36 0

3, 37 0

3, 36 0

3, 36 0

2, 37 0

2, 37 0

3, 37 0

2, 36 0

3, 36 0

2, 37 0

2, 37 0

3, 37 0

end [ 139]

gain [ 149]

gain [ 159]

start

0, 5 0

0, 47 0

0, 48 0

0, 47 0

0, 47 0

0, 47 0

0, 47 0

0, 47 0

0, 47 0

0, 47 0

0, 47 0

0, 47 0

0, 47 0

0, 47 0

0, 47 0

0, 48 0

0, 47 0

0, 47 0

0, 47 0

0, 47 0

0, 47 0

0, 47 0

0, 47 0

0, 46 0

0, 46 0

2, 44 0

4, 41 0

6, 38 0

8, 33 0

10, 31 0

12, 27 0

14, 24 0

16, 21 0

16, 20 0

16, 22 0

16, 20 0

15, 21 0

14, 24 0

13, 26 0

11, 29 0

9, 32 0

7, 34 0

4, 39 0

2, 42 0

0, 47 0

0, 47 0

0, 47 0

0, 47 0

0, 47 0

0, 47 0

0, 48 0

0, 47 0

0, 47 0

0, 47 0

0, 47 0

0, 47 0

0, 47 0

0, 47 0

0, 46 0

1, 45 0

3, 43 0

5, 38 0

7, 35 0

9, 32 0

11, 28 0

13, 26 0

14, 23 0

16, 21 0

16, 20 0

16, 23 0

15, 21 0

14, 24 0

13, 25 0

12, 27 0

9, 31 0

8, 34 0

5, 38 0

3, 41 0

1, 44 0

0, 47 0

0, 47 0

0, 47 0

0, 48 0

0, 47 0

0, 47 0

0, 47 0

0, 47 0

0, 47 0

0, 47 0

0, 47 0

0, 46 0

0, 45 0

2, 44 0

3, 41 0

6, 37 0

8, 33 0

10, 30 0

12, 27 0

13, 26 0

15, 22 0

16, 21 0

16, 20 0

16, 22 0

15, 22 0

14, 24 0

13, 26 0

11, 28 0

9, 31 0

7, 35 0

4, 38 0

2, 43 0

0, 46 0

0, 47 0

0, 47 0

0, 47 0

0, 47 0

0, 47 0

0, 48 0

0, 47 0

0, 47 0

0, 47 0

0, 47 0

0, 47 0

0, 47 0

0, 45 0

2, 43 0

3, 41 0

5, 39 0

7, 35 0

10, 31 0

12, 27 0

13, 25 0

15, 23 0

16, 21 0

15, 21 0

16, 21 0

15, 23 0

14, 24 0

13, 25 0

11, 28 0

9, 32 0

8, 34 0

5, 37 0

3, 41 0

1, 45 0

0, 46 0

0, 47 0

0, 47 0

0, 47 0

0, 47 0

0, 47 0

0, 47 0

0, 47 0

0, 47 0

0, 47 0

0, 46 0

0, 46 0

2, 44 0

4, 40 0

5, 37 0

7, 35 0

10, 32 0

12, 28 0

13, 25 0

15, 22 0

16, 23 0

16, 21 0

end [ 159]

gain [ 169]

start

0, 5 0

0, 50 0

0, 49 0

0, 50 0

0, 50 0

0, 50 0

0, 50 0

0, 50 0

0, 50 0

0, 50 0

0, 50 0

0, 50 0

0, 50 0

0, 49 0

0, 50 0

0, 50 0

0, 50 0

0, 50 0

0, 50 0

0, 50 0

0, 50 0

0, 49 0

1, 47 0

4, 42 0

7, 38 0

11, 33 0

14, 26 0

17, 20 0

20, 15 0

22, 13 0

23, 10 0

24, 8 0

23, 10 0

22, 12 0

22, 12 0

19, 16 0

15, 23 0

11, 30 0

6, 39 0

2, 47 0

0, 50 0

0, 49 0

0, 50 0

0, 50 0

0, 50 0

0, 50 0

0, 49 0

3, 44 0

6, 38 0

12, 31 0

16, 25 0

18, 18 0

22, 12 0

24, 9 0

26, 5 0

26, 5 0

26, 5 0

24, 8 0

23, 12 0

19, 17 0

14, 23 0

9, 34 0

3, 44 0

0, 49 0

0, 51 0

0, 50 0

0, 50 0

0, 50 0

0, 50 0

2, 48 0

5, 39 0

10, 31 0

15, 24 0

19, 18 0

23, 12 0

26, 5 0

28, 5 0

29, 5 0

28, 5 0

27, 5 0

24, 8 0

21, 13 0

16, 22 0

9, 31 0

3, 41 0

0, 50 0

0, 50 0

0, 50 0

0, 50 0

0, 50 0

0, 49 0

3, 45 0

7, 37 0

14, 28 0

19, 18 0

22, 12 0

25, 8 0

27, 5 0

29, 5 0

29, 5 0

28, 5 0

25, 7 0

22, 12 0

18, 17 0

12, 29 0

6, 39 0

0, 49 0

0, 50 0

0, 49 0

0, 50 0

0, 50 0

0, 50 0

2, 48 0

7, 39 0

12, 29 0

16, 23 0

20, 15 0

25, 10 0

27, 5 0

29, 5 0

29, 5 0

29, 5 0

26, 5 0

23, 10 0

19, 15 0

15, 23 0

9, 34 0

1, 44 0

0, 50 0

0, 49 0

0, 50 0

0, 51 0

0, 50 0

1, 48 0

5, 41 0

10, 33 0

16, 24 0

20, 16 0

24, 8 0

27, 5 0

29, 5 0

30, 5 0

29, 5 0

27, 5 0

25, 7 0

22, 12 0

16, 20 0

10, 29 0

3, 43 0

0, 50 0

0, 51 0

0, 50 0

0, 50 0

0, 50 0

0, 50 0

4, 43 0

11, 35 0

15, 23 0

20, 15 0

22, 10 0

28, 5 0

30, 5 0

30, 5 0

30, 5 0

29, 5 0

25, 5 0

22, 10 0

18, 19 0

12, 29 0

5, 42 0

0, 50 0

0, 50 0

0, 50 0

0, 50 0

0, 50 0

0, 49 0

5, 44 0

9, 34 0

13, 25 0

19, 17 0

24, 10 0

27, 5 0

29, 5 0

31, 5 1

30, 5 1

29, 5 1

26, 5 1

22, 11 1

18, 19 1

11, 27 1

5, 38 1

0, 50 1

0, 50 1

0, 50 1

0, 50 1

0, 49 1

0, 49 1

4, 42 1

9, 34 1

16, 26 1

20, 16 1

24, 8 1

28, 5 1

30, 5 1

31, 5 1

31, 5 1

29, 5 1

26, 6 1

23, 10 1

17, 18 1

10, 31 1

4, 42 1

0, 50 1

0, 50 1

0, 50 1

0, 50 1

0, 50 1

0, 50 1

6, 42 1

11, 33 1

16, 21 1

21, 13 1

24, 8 1

29, 5 1

30, 5 1

31, 5 1

30, 5 1

29, 5 1

25, 5 1

22, 10 1

17, 20 1

11, 30 1

5, 42 1

0, 50 1

0, 50 1

0, 49 1

0, 51 1

0, 50 1

1, 49 1

5, 40 1

11, 30 1

16, 22 1

22, 14 1

26, 6 1

29, 5 1

31, 5 1

32, 5 1

32, 5 1

30, 5 1

27, 5 1

23, 10 1

19, 16 1

11, 27 1

5, 38 1

0, 49 1

0, 50 1

0, 50 1

0, 50 1

0, 50 1

0, 49 1

5, 41 1

10, 32 1

17, 24 1

22, 12 1

24, 7 1

29, 5 1

31, 5 1

32, 5 1

31, 5 1

29, 5 1

27, 5 1

22, 11 1

16, 17 1

10, 32 1

3, 43 1

0, 50 1

0, 50 1

0, 49 1

0, 50 1

0, 50 1

0, 48 1

7, 40 1

13, 31 1

18, 19 1

22, 12 1

26, 5 1

30, 5 1

32, 5 1

32, 5 1

32, 5 1

30, 5 1

26, 5 1

22, 11 1

17, 20 1

11, 30 1

4, 43 1

0, 50 1

0, 50 1

0, 49 1

0, 50 1

0, 51 1

2, 48 1

7, 38 1

12, 28 1

18, 19 1

23, 11 1

27, 5 1

30, 5 1

32, 5 1

32, 5 1

31, 5 1

29, 5 1

26, 5 1

22, 13 1

17, 20 1

8, 31 1

1, 43 1

0, 50 1

0, 50 1

0, 50 1

0, 50 1

0, 50 1

2, 45 1

7, 37 1

13, 28 1

19, 19 1

23, 10 1

27, 5 1

29, 5 1

32, 5 1

32, 5 1

30, 5 1

29, 5 1

26, 6 1

20, 12 1

14, 21 1

7, 37 1

1, 47 1

0, 51 1

0, 50 1

0, 49 1

0, 50 1

0, 50 1

2, 45 1

9, 37 1

15, 24 1

20, 15 1

23, 8 1

28, 5 1

31, 5 1

31, 5 1

32, 5 1

31, 5 1

28, 5 1

25, 5 1

20, 15 1

15, 24 1

8, 36 1

1, 48 1

0, 50 1

0, 50 1

0, 49 1

0, 50 1

0, 50 1

4, 46 1

9, 34 1

14, 24 1

20, 17 1

25, 9 1

29, 5 1

31, 5 1

32, 5 1

32, 5 1

30, 5 1

28, 5 1

24, 8 1

19, 18 1

14, 26 1

5, 37 1

0, 49 1

0, 49 1

0, 50 1

0, 50 1

0, 50 1

0, 49 1

3, 43 1

10, 33 1

16, 24 1

21, 16 1

25, 7 1

28, 5 1

31, 5 1

32, 5 1

31, 5 1

30, 5 1

27, 5 1

23, 10 1

17, 17 1

11, 26 1

4, 41 1

0, 50 1

0, 50 1

0, 50 1

0, 50 1

0, 49 1

0, 50 1

5, 42 1

11, 32 1

16, 22 1

21, 14 1

25, 7 1

29, 5 1

31, 5 1

32, 5 1

30, 5 1

29, 5 1

26, 5 1

22, 10 1

17, 20 1

11, 30 1

5, 41 1

0, 50 1

0, 50 1

0, 49 1

0, 51 1

0, 50 1

1, 49 1

6, 41 1

11, 30 1

16, 22 1

21, 14 1

26, 7 1

29, 5 1

30, 5 1

31, 5 1

31, 5 1

29, 5 1

25, 7 1

22, 12 1

16, 21 1

11, 31 1

1, 43 1

0, 50 1

0, 50 1

0, 50 1

0, 50 1

0, 50 1

1, 47 1

7, 38 1

13, 28 1

19, 21 1

22, 12 1

26, 5 1

30, 5 1

31, 5 1

31, 5 1

30, 5 1

28, 5 1

25, 7 1

21, 14 1

14, 23 1

8, 37 1

0, 48 1

0, 50 1

0, 50 1

0, 50 1

0, 50 1

0, 50 1

2, 45 1

8, 36 1

15, 26 1

20, 15 1

24, 9 1

28, 5 1

31, 5 1

32, 5 1

32, 5 1

31, 5 1

29, 5 1

24, 6 1

20, 12 1

14, 25 1

8, 36 1

1, 48 1

0, 50 1

0, 50 1

0, 49 1

0, 50 1

0, 50 1

5, 46 1

10, 32 1

15, 23 1

20, 15 1

25, 7 1

30, 5 1

32, 5 1

33, 5 1

33, 5 1

32, 5 1

29, 5 1

24, 7 1

21, 13 1

16, 23 1

6, 34 1

0, 47 1

0, 50 1

0, 50 1

0, 50 1

0, 50 1

0, 50 1

4, 41 1

10, 33 1

16, 23 1

22, 15 1

26, 5 1

30, 5 1

31, 5 1

33, 5 1

33, 5 1

31, 5 1

29, 5 1

25, 7 1

21, 13 1

14, 23 1

6, 39 1

0, 49 1

0, 50 1

0, 50 1

0, 49 1

0, 50 1

0, 49 1

5, 41 1

12, 33 1

17, 23 1

22, 12 1

25, 5 1

30, 5 1

33, 5 1

33, 5 1

33, 5 1

31, 5 1

29, 5 1

23, 7 1

19, 18 1

12, 29 1

5, 41 1

0, 50 1

0, 50 1

0, 49 1

0, 50 1

0, 50 1

0, 49 1

7, 39 1

13, 26 1

18, 18 1

23, 10 1

28, 5 1

31, 5 1

33, 5 1

33, 5 1

32, 5 1

29, 5 1

26, 5 1

22, 12 1

16, 23 1

10, 33 1

1, 45 1

0, 50 1

0, 50 1

0, 50 1

0, 50 1

0, 50 1

3, 43 1

9, 33 1

15, 24 1

20, 15 1

26, 8 1

29, 5 1

32, 5 1

33, 5 1

33, 5 1

31, 5 1

29, 5 1

25, 7 1

20, 15 1

13, 24 1

6, 35 1

0, 49 1

0, 49 1

0, 50 1

0, 50 1

0, 50 1

0, 49 1

4, 42 1

11, 31 1

18, 23 1

22, 12 1

26, 5 1

30, 5 1

32, 5 1

33, 5 1

33, 5 1

31, 5 1

28, 5 1

24, 8 1

18, 15 1

12, 29 1

4, 41 1

0, 50 1

0, 50 1

0, 50 1

0, 50 1

0, 50 1

0, 49 1

7, 40 1

13, 30 1

19, 18 1

23, 10 1

27, 5 1

31, 5 1

33, 5 1

32, 5 1

33, 5 1

31, 5 1

27, 5 1

22, 11 1

18, 19 1

11, 30 1

4, 44 1

0, 50 1

0, 50 1

0, 49 1

0, 50 1

0, 50 1

2, 48 1

8, 36 1

13, 26 1

18, 18 1

24, 10 1

28, 5 1

30, 5 1

33, 5 1

33, 5 1

32, 5 1

29, 5 1

26, 5 1

22, 12 1

17, 22 1

7, 34 1

0, 45 1

0, 50 1

0, 50 1

0, 50 1

0, 51 1

0, 49 1

3, 44 1

9, 33 1

15, 25 1

21, 17 1

24, 7 1

28, 5 1

31, 5 1

32, 5 1

31, 5 1

30, 5 1

27, 5 1

23, 11 1

17, 18 1

11, 27 1

4, 43 1

0, 50 1

0, 50 1

0, 50 1

0, 50 1

0, 50 1

0, 48 1

5, 41 1

13, 31 1

17, 23 1

22, 12 1

25, 7 1

29, 5 1

31, 5 1

32, 5 1

31, 5 1

29, 5 1

26, 6 1

21, 12 1

15, 23 1

9, 34 1

2, 45 1

0, 50 1

0, 50 1

0, 50 1

0, 50 1

0, 50 1

2, 48 1

8, 39 1

13, 26 1

18, 19 1

22, 12 1

27, 7 1

29, 5 1

31, 5 1

31, 5 1

30, 5 1

27, 5 1

23, 8 1

19, 16 1

13, 27 1

7, 37 1

0, 49 1

0, 49 1

0, 50 1

0, 51 1

0, 50 1

0, 50 1

4, 43 1

9, 34 1

14, 25 1

20, 19 1

24, 10 1

27, 5 1

29, 5 1

31, 5 1

30, 5 1

29, 5 1

26, 5 1

22, 11 1

19, 18 1

11, 27 1

4, 38 1

0, 50 1

0, 50 1

0, 50 1

0, 50 1

0, 50 1

0, 49 1

4, 42 1

9, 34 1

16, 24 1

21, 13 1

23, 8 1

27, 5 1

30, 5 1

31, 5 1

30, 5 1

28, 5 1

26, 5 1

21, 13 1

16, 19 1

9, 33 1

3, 44 1

0, 50 1

0, 50 1

0, 49 1

0, 49 1

0, 50 1

0, 49 1

7, 41 1

12, 32 1

16, 20 1

21, 14 1

25, 7 1

29, 5 1

30, 5 1

31, 5 1

30, 5 1

28, 5 1

24, 7 1

20, 15 1

15, 24 1

9, 35 1

2, 46 1

0, 50 1

0, 50 1

0, 50 1

0, 50 1

0, 50 1

2, 48 1

7, 37 1

12, 29 1

17, 21 1

22, 13 1

26, 7 1

29, 5 1

30, 5 1

30, 5 1

29, 5 1

27, 5 1

23, 10 1

20, 15 1

15, 24 1

6, 35 1

0, 46 1

0, 50 1

0, 50 1

0, 50 1

0, 50 1

0, 50 1

2, 46 1

7, 38 1

12, 29 1

19, 20 1

22, 11 1

26, 5 1

29, 5 1

31, 5 1

31, 5 1

29, 5 1

28, 5 1

25, 7 1

20, 14 1

14, 23 1

7, 37 1

0, 48 1

0, 51 1

0, 50 1

0, 50 1

0, 50 1

0, 50 1

2, 46 1

9, 39 1

14, 25 1

19, 18 1

22, 12 1

26, 6 1

30, 5 1

30, 5 1

31, 5 1

30, 5 1

27, 5 1

24, 7 1

20, 15 1

15, 24 1

8, 36 1

1, 47 1

0, 50 1

0, 50 1

0, 49 1

0, 50 1

0, 51 1

3, 47 1

8, 35 1

13, 27 1

19, 18 1

24, 12 1

27, 5 1

30, 5 1

31, 5 1

31, 5 1

30, 5 1

28, 5 1

24, 8 1

20, 16 1

15, 24 1

6, 35 1

0, 49 1

0, 49 1

0, 50 1

0, 51 1

0, 50 1

0, 49 1

2, 44 1

8, 35 1

16, 26 1

20, 18 1

24, 8 1

28, 5 1

31, 5 1

32, 5 1

32, 5 1

31, 5 1

29, 5 1

26, 6 1

20, 12 1

14, 21 1

7, 37 1

0, 49 1

0, 50 1

0, 50 1

0, 50 1

0, 50 1

0, 50 1

3, 45 1

10, 36 1

15, 24 1

19, 17 1

23, 10 1

28, 5 1

30, 5 1

30, 5 1

30, 5 1

28, 5 1

25, 5 1

22, 11 1

16, 21 1

11, 31 1

4, 43 1

0, 50 1

0, 50 1

0, 50 1

0, 50 1

0, 50 1

1, 49 1

5, 42 1

11, 31 1

16, 23 1

20, 18 1

24, 10 1

27, 5 1

29, 5 1

29, 5 1

29, 5 1

26, 5 1

23, 10 1

19, 16 1

14, 24 1

9, 34 1

1, 44 1

0, 50 1

0, 50 1

0, 50 1

0, 50 1

0, 49 1

0, 48 1

5, 40 1

9, 35 1

16, 26 1

19, 19 1

22, 11 1

25, 7 1

27, 5 1

27, 5 1

27, 5 1

25, 7 1

22, 11 1

20, 17 1

13, 24 1

7, 37 1

1, 47 1

0, 50 1

0, 50 1

0, 50 1

0, 50 1

0, 50 1

0, 50 1

3, 45 1

9, 37 1

13, 26 1

17, 20 1

21, 14 1

24, 10 1

26, 5 1

27, 5 1

27, 5 1

26, 6 1

23, 9 1

20, 12 1

16, 21 1

11, 30 1

6, 40 1

0, 50 1

0, 49 1

0, 50 1

0, 50 1

0, 50 1

0, 50 1

1, 47 1

5, 40 1

10, 33 1

14, 25 1

19, 19 1

22, 12 1

25, 7 1

26, 6 1

27, 5 1

26, 5 1

25, 7 1

22, 11 1

19, 16 1

13, 24 1

8, 33 1

2, 45 1

0, 49 1

0, 50 1

0, 50 1

0, 49 1

0, 50 1

0, 50 1

1, 47 1

7, 41 1

11, 30 1

16, 23 1

18, 19 1

22, 13 1

24, 8 1

25, 7 1

25, 7 1

24, 9 1

22, 11 1

19, 15 1

16, 23 1

11, 30 1

5, 40 1

0, 48 1

0, 50 1

0, 50 1

0, 50 1

0, 50 1

0, 51 1

0, 49 1

3, 44 1

6, 38 1

11, 32 1

15, 25 1

18, 20 1

21, 14 1

22, 12 1

23, 10 1

24, 9 1

23, 10 1

22, 12 1

20, 16 1

17, 21 1

12, 26 1

8, 36 1

3, 43 1

0, 50 1

0, 51 1

0, 50 1

0, 50 1

0, 50 1

0, 50 1

0, 50 1

1, 48 1

4, 41 1

8, 36 1

12, 29 1

17, 22 1

21, 16 1

23, 10 1

26, 7 1

27, 5 1

28, 5 1

27, 5 1

25, 7 1

22, 12 1

20, 17 1

14, 24 1

7, 37 1

1, 46 1

0, 50 1

0, 50 1

0, 50 1

0, 50 1

0, 50 1

end [ 169]



Session Time
In Session: 00 : 04 : 27
Remaining:
00 : 05 : 33

Serial output
Serial output ...
start

0, 5 0

0, 84 0

0, 84 0

0, 84 0

0, 85 0

0, 84 0

0, 84 0

0, 84 0

0, 84 0

0, 84 0

0, 84 0

0, 84 0

0, 84 0

0, 83 0

7, 75 0

15, 62 0

22, 44 0

33, 27 0

44, 8 0

60, 5 1

70, 5 1

80, 5 1

86, 5 1

96, 5 1

101, 5 1

104, 5 1

107, 5 1

107, 5 1

107, 5 1

105, 5 1

103, 5 1

98, 5 1

92, 5 1

81, 5 1

70, 5 1

58, 5 1

46, 6 1

30, 33 1

8, 60 1

0, 84 1

1, 82 1

0, 85 1

0, 84 1

12, 71 1

27, 38 1

43, 10 1

59, 5 1

74, 5 1

90, 5 1

101, 5 1

109, 5 1

116, 5 1

123, 5 1

124, 5 1

126, 5 1

126, 5 1

126, 5 1

124, 5 1

121, 5 1

118, 5 1

114, 5 1

107, 5 1

94, 5 1

81, 5 1

68, 5 1

51, 5 1

34, 27 1

8, 58 1

0, 84 1

8, 69 1

0, 84 1

0, 84 1

19, 60 1

36, 23 1

52, 5 1

68, 5 1

86, 5 1

99, 5 1

107, 5 1

114, 5 1

118, 5 1

124, 5 1

126, 5 1

125, 5 1

126, 5 1

124, 5 1

123, 5 1

119, 5 1

114, 5 1

109, 5 1

101, 5 1

86, 5 1

72, 5 1

57, 5 1

38, 19 1

19, 51 1

0, 84 1

4, 84 1

0, 84 1

0, 85 1

11, 64 1

32, 37 1

49, 5 1

67, 5 1

80, 5 1

96, 5 1

107, 5 1

114, 5 1

118, 5 1

123, 5 1

124, 5 1

126, 5 1

123, 5 1

124, 5 1

123, 5 1

119, 5 1

114, 5 1

106, 5 1

98, 5 1

88, 5 1

68, 5 1

52, 5 1

34, 24 1

15, 56 1

0, 85 1

8, 83 1

0, 83 1

0, 84 1

13, 61 1

35, 33 1

52, 5 1

68, 5 1

83, 5 1

94, 5 1

107, 5 1

114, 5 1

121, 5 1

123, 5 1

124, 5 1

126, 5 1

126, 5 1

124, 5 1

123, 5 1

121, 5 1

114, 5 1

107, 5 1

98, 5 1

88, 5 1

76, 5 1

54, 5 1

36, 23 1

16, 54 1

0, 85 1

0, 84 1

0, 80 1

0, 84 1

12, 62 1

29, 33 1

52, 5 1

68, 5 1

83, 5 1

96, 5 1

105, 5 1

116, 5 1

121, 5 1

124, 5 1

126, 5 1

126, 5 1

126, 5 1

126, 5 1

123, 5 1

121, 5 1

119, 5 1

110, 5 1

103, 5 1

92, 5 1

79, 5 1

63, 5 1

40, 5 1

21, 46 1

1, 80 1

0, 84 1

8, 71 1

0, 84 1

9, 68 1

25, 40 1

43, 11 1

65, 5 1

79, 5 1

92, 5 1

103, 5 1

112, 5 1

119, 5 1

123, 5 1

123, 5 1

126, 5 1

126, 5 1

123, 5 1

123, 5 1

121, 5 1

end [170]

gain [70]

gain [0]

gain [0]

start

107, 5 1

98, 5 1

86, 5 1

72, 5 1

51, 5 1

31, 5 1

12, 5 1

0, 5 1

7, 5 1

0, 5 1

0, 5 1

12, 5 1

24, 5 1

34, 5 1

43, 5 1

47, 5 1

48, 5 1

47, 5 1

43, 5 1

37, 5 1

29, 5 1

22, 5 1

10, 5 1

0, 5 1

0, 5 1

0, 5 1

0, 5 1

0, 5 1

4, 5 1

8, 5 1

11, 5 1

11, 5 1

9, 5 1

4, 5 1

0, 5 1

0, 5 1

0, 5 1

0, 5 1

0, 5 1

0, 5 1

0, 5 1

0, 5 1

0, 5 1

0, 5 1

0, 5 1

0, 5 1

0, 5 1

0, 5 1

0, 5 1

0, 5 1

end [0]

gain [100]

start

0, 5 0

0, 49 0

0, 49 0

0, 49 0

0, 49 0

0, 50 0

0, 50 0

0, 49 0

0, 49 0

0, 50 0

0, 49 0

0, 49 0

0, 49 0

0, 49 0

0, 49 0

0, 50 0

0, 49 0

0, 49 0

0, 49 0

0, 50 0

0, 49 0

0, 49 0

0, 49 0

0, 49 0

0, 49 0

0, 50 0

0, 49 0

0, 49 0

0, 48 0

3, 46 0

7, 43 0

10, 40 0

13, 36 0

16, 33 0

19, 30 0

23, 27 0

27, 22 0

29, 19 0

31, 18 0

33, 16 0

34, 16 0

32, 16 0

31, 17 0

29, 20 0

27, 22 0

24, 24 0

19, 29 0

16, 33 0

11, 38 0

4, 43 0

0, 47 0

0, 49 0

0, 49 0

0, 50 0

0, 50 0

0, 49 0

0, 49 0

0, 49 0

2, 47 0

6, 45 0

10, 40 0

13, 36 0

17, 31 0

21, 28 0

25, 25 0

27, 21 0

29, 19 0

31, 18 0

32, 16 0

32, 16 0

31, 17 0

30, 18 0

28, 21 0

25, 23 0

22, 26 0

17, 31 0

14, 35 0

8, 40 0

2, 46 0

0, 49 0

0, 49 0

0, 50 0

0, 50 0

0, 49 0

0, 49 0

0, 49 0

0, 49 0

2, 47 0

7, 44 0

10, 39 0

13, 36 0

16, 33 0

19, 30 0

22, 27 0

23, 25 0

25, 23 0

28, 21 0

28, 22 0

27, 21 0

27, 22 0

25, 23 0

24, 25 0

22, 27 0

19, 28 0

16, 32 0

14, 35 0

11, 38 0

7, 42 0

3, 44 0

0, 48 0

0, 50 0

0, 49 0

0, 49 0

0, 49 0

0, 49 0

0, 49 0

0, 50 0

0, 50 0

0, 49 0

0, 49 0

0, 50 0

0, 49 0

0, 49 0

1, 48 0

4, 45 0

6, 42 0

9, 40 0

14, 36 0

17, 32 0

20, 29 0

23, 26 0

27, 23 0

29, 20 0

30, 18 0

32, 17 0

32, 18 0

32, 18 0

30, 18 0

28, 20 0

26, 23 0

24, 25 0

20, 28 0

16, 33 0

12, 37 0

6, 42 0

3, 46 0

0, 49 0

0, 49 0

0, 49 0

0, 50 0

0, 49 0

0, 49 0

0, 49 0

0, 49 0

0, 50 0

2, 47 0

7, 43 0

10, 38 0

14, 35 0

18, 31 0

23, 27 0

26, 24 0

29, 19 0

32, 17 0

35, 15 0

36, 13 0

36, 13 0

35, 13 0

34, 16 0

33, 16 0

29, 20 0

25, 24 0

21, 28 0

15, 34 0

10, 39 0

2, 44 0

0, 49 0

0, 49 0

0, 49 0

0, 50 0

0, 49 0

0, 49 0

0, 49 0

2, 46 0

8, 42 0

12, 38 0

17, 32 0

21, 28 0

24, 25 0

29, 22 0

31, 18 0

33, 15 0

35, 14 0

36, 13 0

36, 13 0

35, 14 0

32, 16 0

29, 20 0

26, 24 0

21, 27 0

15, 33 0

9, 39 0

4, 45 0

0, 49 0

0, 49 0

0, 49 0

0, 49 0

0, 49 0

0, 50 0

0, 49 0

4, 45 0

7, 41 0

12, 37 0

18, 32 0

22, 27 0

26, 22 0

31, 18 0

34, 16 0

37, 13 0

38, 11 0

37, 11 0

37, 13 0

36, 13 0

33, 15 0

30, 19 0

26, 23 0

20, 28 0

15, 34 0

7, 39 0

1, 48 0

0, 49 0

0, 50 0

0, 50 0

0, 49 0

0, 49 0

0, 49 0

2, 47 0

9, 42 0

14, 37 0

18, 30 0

23, 26 0

27, 22 0

33, 18 0

35, 14 0

37, 12 0

37, 11 0

38, 11 0

37, 11 0

36, 13 0

32, 16 0

28, 21 0

25, 24 0

18, 30 0

11, 38 0

5, 44 0

0, 50 0

0, 50 0

0, 49 0

0, 49 0

0, 49 0

0, 49 0

1, 48 0

7, 43 0

12, 36 0

17, 31 0

22, 27 0

28, 22 0

32, 17 0

35, 13 0

38, 11 0

41, 8 0

41, 9 0

39, 8 0

38, 11 0

35, 14 0

31, 18 0

26, 21 0

20, 27 0

14, 35 0

7, 42 0

1, 49 0

0, 50 0

0, 49 0

0, 49 0

0, 50 0

0, 50 0

3, 48 0

7, 41 0

13, 36 0

18, 31 0

25, 26 0

29, 21 0

32, 16 0

35, 13 0

39, 10 0

40, 9 0

40, 8 0

39, 10 0

37, 12 0

33, 16 0

28, 19 0

24, 23 0

18, 30 0

12, 37 0

5, 44 0

0, 49 0

0, 49 0

0, 49 0

0, 49 0

0, 50 0

0, 49 0

4, 45 0

8, 40 0

13, 35 0

18, 31 0

25, 26 0

29, 19 0

32, 16 0

35, 14 0

38, 11 0

39, 9 0

39, 10 0

38, 11 0

36, 13 0

32, 15 0

29, 19 0

23, 26 0

18, 30 0

12, 37 0

3, 44 0

0, 49 0

0, 49 0

0, 49 0

0, 49 0

0, 50 0

0, 49 0

3, 46 0

8, 41 0

13, 36 0

20, 31 0

24, 24 0

28, 20 0

32, 17 0

37, 13 0

39, 9 0

40, 8 0

40, 8 0

39, 10 0

37, 11 0

33, 14 0

29, 19 0

25, 24 0

19, 30 0

11, 36 0

4, 43 0

0, 49 0

0, 50 0

0, 50 0

0, 49 0

0, 49 0

0, 49 0

3, 46 0

9, 40 0

16, 35 0

21, 28 0

25, 23 0

29, 20 0

33, 16 0

38, 12 0

40, 8 0

42, 7 0

41, 8 0

39, 10 0

37, 11 0

34, 15 0

29, 19 0

24, 25 0

16, 30 0

9, 37 0

2, 47 0

0, 49 0

0, 49 0

0, 50 0

0, 49 0

0, 49 0

end [100]

gain [90]

gain [79]

start

0, 5 0

0, 39 0

0, 39 0

0, 39 0

0, 39 0

5, 36 0

10, 31 0

13, 28 0

16, 26 0

17, 26 0

17, 25 0

16, 26 0

14, 27 0

13, 28 0

11, 30 0

8, 32 0

5, 35 0

1, 37 0

0, 39 0

0, 39 0

0, 39 0

0, 39 0

0, 39 0

0, 39 0

0, 40 0

0, 39 0

0, 39 0

0, 40 0

0, 39 0

0, 39 0

0, 39 0

0, 39 0

0, 39 0

0, 39 0

0, 40 0

0, 39 0

0, 39 0

0, 40 0

0, 39 0

0, 39 0

0, 39 0

0, 39 0

0, 39 0

0, 39 0

0, 39 0

0, 39 0

0, 39 0

0, 40 0

0, 39 0

0, 39 0

0, 39 0

0, 39 0

0, 39 0

0, 40 0

0, 39 0

0, 39 0

0, 39 0

0, 40 0

0, 39 0

0, 39 0

0, 39 0

0, 39 0

0, 39 0

0, 40 0

0, 39 0

0, 39 0

0, 40 0

0, 39 0

0, 39 0

0, 39 0

0, 39 0

0, 39 0

0, 39 0

0, 39 0

0, 39 0

0, 39 0

0, 40 0

0, 39 0

0, 39 0

0, 39 0

0, 39 0

0, 39 0

0, 40 0

0, 39 0

0, 39 0

0, 39 0

0, 39 0

0, 39 0

0, 39 0

0, 39 0

0, 39 0

0, 39 0

0, 39 0

0, 39 0

0, 39 0

0, 40 0

0, 39 0

0, 39 0

0, 39 0

0, 39 0

0, 39 0

0, 39 0

0, 39 0

0, 39 0

0, 39 0

0, 39 0

0, 39 0

0, 39 0

0, 39 0

0, 39 0

0, 39 0

0, 39 0

0, 39 0

0, 39 0

0, 39 0

0, 39 0

0, 39 0

0, 39 0

0, 39 0

0, 39 0

0, 39 0

0, 39 0

0, 39 0

0, 39 0

0, 39 0

0, 39 0

0, 39 0

0, 39 0

0, 39 0

0, 39 0

0, 39 0

0, 39 0

0, 39 0

0, 39 0

0, 39 0

0, 39 0

0, 39 0

0, 39 0

0, 39 0

0, 39 0

0, 39 0

0, 39 0

0, 39 0

0, 39 0

0, 39 0

0, 39 0

0, 39 0

0, 39 0

0, 39 0

0, 39 0

0, 39 0

0, 39 0

0, 39 0

0, 39 0

0, 39 0

0, 39 0

0, 39 0

0, 39 0

0, 39 0

0, 39 0

0, 39 0

0, 39 0

0, 39 0

0, 39 0

0, 39 0

0, 39 0

0, 39 0

0, 38 0

0, 38 0

1, 39 0

0, 38 0

0, 39 0

0, 39 0

0, 39 0

1, 39 0

1, 39 0

0, 38 0

0, 39 0

1, 38 0

1, 39 0

1, 38 0

1, 38 0

0, 39 0

1, 38 0

1, 38 0

0, 38 0

1, 38 0

1, 38 0

end [79]

gain [90]

start

0, 5 0

0, 44 0

0, 44 0

0, 44 0

0, 44 0

0, 44 0

0, 44 0

0, 45 0

0, 44 0

0, 44 0

0, 44 0

0, 45 0

0, 44 0

0, 45 0

0, 44 0

0, 44 0

0, 45 0

0, 45 0

0, 44 0

0, 44 0

0, 44 0

0, 44 0

0, 44 0

0, 44 0

0, 44 0

0, 44 0

0, 45 0

0, 44 0

0, 44 0

0, 44 0

1, 43 0

2, 42 0

4, 40 0

5, 39 0

7, 37 0

8, 36 0

10, 35 0

11, 35 0

12, 33 0

12, 33 0

12, 33 0

13, 33 0

12, 33 0

12, 33 0

12, 33 0

12, 34 0

12, 33 0

11, 34 0

11, 34 0

11, 34 0

11, 34 0

10, 34 0

11, 34 0

10, 34 0

10, 34 0

9, 35 0

10, 35 0

10, 35 0

9, 35 0

10, 35 0

10, 35 0

10, 36 0

9, 36 0

9, 36 0

9, 36 0

9, 36 0

9, 36 0

9, 36 0

9, 36 0

9, 36 0

9, 36 0

9, 36 0

9, 36 0

9, 36 0

9, 36 0

9, 36 0

9, 36 0

9, 36 0

9, 36 0

9, 36 0

9, 36 0

9, 36 0

9, 36 0

8, 36 0

9, 36 0

8, 36 0

8, 36 0

8, 36 0

8, 36 0

9, 36 0

8, 36 0

8, 36 0

8, 36 0

8, 37 0

8, 36 0

8, 36 0

8, 36 0

8, 36 0

8, 36 0

8, 36 0

9, 36 0

8, 36 0

8, 36 0

8, 36 0

8, 36 0

8, 36 0

8, 36 0

8, 36 0

8, 36 0

8, 37 0

8, 36 0

8, 36 0

8, 36 0

8, 36 0

8, 36 0

8, 36 0

8, 36 0

8, 36 0

8, 36 0

8, 36 0

8, 36 0

8, 36 0

8, 37 0

9, 36 0

8, 36 0

8, 36 0

8, 36 0

8, 36 0

8, 37 0

8, 36 0

8, 36 0

8, 36 0

8, 36 0

8, 36 0

9, 36 0

8, 36 0

8, 36 0

8, 36 0

8, 36 0

9, 36 0

8, 36 0

8, 36 0

8, 36 0

8, 36 0

8, 36 0

8, 36 0

8, 37 0

8, 37 0

8, 36 0

8, 36 0

8, 36 0

8, 37 0

9, 36 0

8, 36 0

8, 36 0

8, 37 0

8, 36 0

8, 36 0

8, 36 0

8, 36 0

8, 36 0

8, 36 0

8, 36 0

8, 36 0

8, 36 0

8, 36 0

8, 36 0

8, 36 0

8, 36 0

8, 36 0

8, 36 0

8, 36 0

8, 36 0

8, 36 0

8, 36 0

8, 36 0

8, 37 0

8, 36 0

8, 36 0

8, 36 0

8, 36 0

8, 36 0

8, 36 0

8, 36 0

8, 36 0

8, 36 0

8, 36 0

8, 36 0

8, 36 0

8, 36 0

8, 36 0

8, 36 0

8, 36 0

8, 36 0

8, 36 0

8, 37 0

8, 36 0

8, 36 0

8, 36 0

8, 36 0

8, 36 0

8, 36 0

8, 36 0

8, 36 0

8, 36 0

8, 37 0

8, 37 0

8, 36 0

8, 36 0

8, 36 0

8, 36 0

8, 37 0

9, 36 0

8, 37 0

8, 36 0

9, 36 0

8, 36 0

8, 36 0

8, 36 0

8, 36 0

9, 36 0

8, 37 0

8, 36 0

8, 36 0

8, 36 0

8, 36 0

8, 36 0

8, 36 0

8, 36 0

8, 37 0

8, 37 0

8, 36 0

8, 37 0

8, 36 0

9, 36 0

8, 36 0

8, 36 0

end [90]

gain [100]

start

0, 5 0

0, 49 0

0, 49 0

0, 50 0

0, 50 0

0, 49 0

0, 49 0

0, 49 0

0, 49 0

0, 49 0

0, 49 0

0, 49 0

0, 49 0

0, 50 0

0, 50 0

0, 49 0

0, 49 0

0, 50 0

0, 50 0

0, 50 0

0, 49 0

0, 49 0

1, 48 0

3, 46 0

6, 43 0

8, 40 0

12, 37 0

14, 35 0

17, 32 0

20, 29 0

21, 27 0

23, 26 0

24, 25 0

25, 24 0

25, 24 0

24, 24 0

24, 25 0

23, 26 0

22, 28 0

20, 28 0

18, 30 0

15, 33 0

14, 35 0

10, 37 0

8, 40 0

5, 43 0

3, 46 0

2, 47 0

0, 49 0

0, 49 0

0, 49 0

0, 50 0

0, 49 0

0, 49 0

0, 49 0

0, 49 0

1, 48 0

2, 47 0

4, 45 0

5, 43 0

7, 41 0

9, 39 0

12, 37 0

15, 35 0

16, 33 0

18, 30 0

20, 29 0

22, 28 0

22, 27 0

22, 27 0

22, 27 0

22, 27 0

22, 27 0

21, 28 0

20, 29 0

19, 30 0

19, 30 0

16, 32 0

15, 34 0

13, 35 0

11, 38 0

10, 39 0

7, 41 0

6, 43 0

5, 44 0

4, 45 0

3, 46 0

3, 45 0

3, 46 0

3, 45 0

3, 45 0

4, 45 0

5, 44 0

5, 43 0

5, 43 0

6, 43 0

7, 42 0

7, 42 0

8, 41 0

8, 41 0

9, 40 0

10, 39 0

10, 38 0

10, 38 0

11, 38 0

11, 38 0

11, 38 0

12, 37 0

10, 38 0

11, 38 0

11, 38 0

11, 37 0

11, 38 0

11, 38 0

11, 38 0

11, 38 0

11, 37 0

11, 37 0

11, 38 0

11, 38 0

11, 38 0

11, 37 0

11, 38 0

11, 38 0

11, 38 0

11, 38 0

11, 38 0

11, 38 0

11, 38 0

11, 38 0

11, 38 0

11, 37 0

11, 38 0

11, 38 0

11, 38 0

11, 38 0

11, 38 0

11, 37 0

11, 38 0

11, 38 0

11, 38 0

11, 37 0

11, 38 0

11, 38 0

11, 38 0

11, 38 0

11, 38 0

11, 37 0

11, 38 0

11, 38 0

11, 37 0

11, 38 0

11, 38 0

11, 38 0

11, 38 0

11, 37 0

10, 38 0

11, 38 0

11, 38 0

11, 38 0

11, 38 0

11, 38 0

11, 38 0

11, 38 0

11, 38 0

11, 38 0

11, 38 0

11, 38 0

11, 38 0

11, 37 0

11, 38 0

11, 37 0

11, 38 0

11, 38 0

11, 37 0

10, 38 0

11, 38 0

11, 38 0

11, 38 0

11, 38 0

11, 38 0

11, 38 0

11, 38 0

11, 38 0

11, 38 0

11, 38 0

11, 38 0

11, 38 0

11, 38 0

11, 38 0

11, 38 0

10, 38 0

11, 38 0

11, 38 0

11, 38 0

11, 37 0

11, 38 0

11, 38 0

11, 37 0

11, 37 0

11, 38 0

11, 38 0

11, 38 0

11, 38 0

11, 38 0

11, 38 0

11, 38 0

11, 38 0

11, 38 0

11, 38 0

11, 38 0

11, 38 0

11, 38 0

11, 38 0

11, 38 0

11, 38 0

11, 38 0

11, 38 0

11, 38 0

11, 38 0

11, 38 0

11, 38 0

11, 38 0

10, 38 0

11, 38 0

11, 38 0

11, 38 0

11, 38 0

11, 38 0

11, 37 0

11, 38 0

11, 38 0

11, 37 0

11, 38 0

11, 38 0

11, 38 0

end [100]

gain [110]

gain [120]

start

0, 5 0

0, 59 0

0, 60 0

0, 59 0

0, 60 0

0, 59 0

0, 59 0

0, 60 0

0, 60 0

0, 59 0

0, 59 0

0, 59 0

0, 59 0

0, 59 0

1, 58 0

3, 55 0

6, 51 0

9, 48 0

14, 44 0

18, 38 0

22, 32 0

27, 27 0

31, 21 0

37, 17 0

41, 12 0

43, 7 0

45, 5 0

46, 5 0

44, 5 0

43, 7 0

40, 10 0

37, 15 0

32, 20 0

25, 27 0

18, 37 0

10, 45 0

3, 55 0

0, 60 0

0, 59 0

0, 59 0

0, 59 0

0, 59 0

1, 58 0

9, 51 0

15, 40 0

22, 32 0

29, 24 0

38, 16 0

44, 7 0

49, 5 0

55, 5 1

58, 5 1

60, 5 1

60, 5 1

59, 5 1

57, 5 1

54, 5 1

47, 5 1

41, 10 1

32, 20 1

24, 30 1

15, 41 1

1, 54 1

0, 59 1

0, 59 1

0, 60 1

0, 59 1

3, 58 1

12, 44 1

21, 34 1

28, 25 1

39, 15 1

47, 5 1

53, 5 1

60, 5 1

63, 5 1

67, 5 1

67, 5 1

67, 5 1

63, 5 1

60, 5 1

54, 5 1

47, 5 1

39, 12 1

29, 24 1

19, 36 1

4, 50 1

0, 59 1

0, 59 1

0, 60 1

0, 60 1

2, 59 1

11, 44 1

21, 34 1

29, 24 1

42, 13 1

50, 5 1

57, 5 1

61, 5 1

67, 5 1

70, 5 1

70, 5 1

68, 5 1

67, 5 1

63, 5 1

57, 5 1

50, 5 1

42, 9 1

32, 21 1

22, 33 1

6, 46 1

0, 59 1

0, 59 1

0, 59 1

0, 59 1

1, 60 1

10, 46 1

20, 35 1

28, 25 1

38, 13 1

50, 5 1

55, 5 1

62, 5 1

67, 5 1

68, 5 1

70, 5 1

68, 5 1

67, 5 1

63, 5 1

57, 5 1

50, 5 1

42, 9 1

31, 21 1

21, 34 1

5, 48 1

0, 59 1

0, 59 1

0, 60 1

0, 59 1

2, 59 1

11, 48 1

21, 34 1

30, 22 1

39, 12 1

50, 5 1

57, 5 1

63, 5 1

67, 5 1

70, 5 1

70, 5 1

68, 5 1

67, 5 1

63, 5 1

57, 5 1

50, 5 1

41, 9 1

32, 20 1

end [120]

gain [110]

start

42, 5 0

30, 20 0

19, 32 0

7, 46 0

0, 55 0

0, 54 0

0, 54 0

0, 54 0

1, 52 0

15, 42 0

24, 31 0

33, 18 0

41, 9 0

48, 5 0

57, 5 1

62, 5 1

65, 5 1

67, 5 1

67, 5 1

65, 5 1

61, 5 1

58, 5 1

52, 5 1

46, 5 1

35, 13 1

24, 27 1

14, 38 1

2, 51 1

0, 55 1

0, 54 1

0, 54 1

0, 54 1

3, 50 1

15, 40 1

24, 31 1

31, 19 1

39, 10 1

46, 5 1

54, 5 1

57, 5 1

59, 5 1

60, 5 1

60, 5 1

57, 5 1

52, 5 1

48, 5 1

41, 8 1

34, 17 1

22, 27 1

12, 41 1

0, 53 1

0, 55 1

0, 54 1

0, 54 1

0, 54 1

3, 51 1

11, 42 1

22, 33 1

29, 24 1

36, 13 1

43, 7 1

50, 5 1

55, 5 1

57, 5 1

58, 5 1

58, 5 1

57, 5 1

52, 5 1

47, 5 1

42, 8 1

34, 16 1

26, 25 1

13, 36 1

3, 47 1

0, 54 1

0, 55 1

0, 55 1

0, 54 1

0, 53 1

8, 44 1

17, 35 1

24, 28 1

33, 19 1

40, 9 1

47, 5 1

51, 5 1

55, 5 1

57, 5 1

57, 5 1

end [110]

start

9, 5 0

9, 44 0

7, 46 0

5, 48 0

1, 53 0

0, 54 0

0, 54 0

0, 54 0

0, 54 0

0, 54 0

0, 54 0

0, 54 0

0, 54 0

2, 51 0

5, 49 0

9, 45 0

12, 41 0

15, 37 0

18, 34 0

21, 31 0

24, 29 0

26, 26 0

27, 23 0

28, 23 0

29, 23 0

28, 22 0

28, 23 0

26, 24 0

26, 26 0

23, 28 0

21, 30 0

18, 33 0

16, 36 0

13, 40 0

10, 43 0

6, 46 0

3, 50 0

1, 53 0

0, 54 0

0, 54 0

0, 54 0

0, 54 0

0, 54 0

0, 55 0

0, 54 0

1, 53 0

2, 51 0

4, 49 0

7, 46 0

10, 44 0

15, 39 0

18, 34 0

21, 31 0

25, 27 0

29, 23 0

32, 19 0

33, 17 0

35, 16 0

36, 14 0

35, 15 0

34, 17 0

32, 18 0

30, 21 0

28, 23 0

23, 27 0

18, 33 0

14, 38 0

9, 44 0

4, 50 0

0, 53 0

0, 54 0

0, 54 0

0, 55 0

0, 54 0

0, 54 0

0, 54 0

0, 54 0

2, 52 0

7, 47 0

12, 42 0

17, 35 0

21, 31 0

27, 25 0

34, 19 0

38, 12 0

42, 8 0

44, 5 0

47, 5 0

47, 5 0

47, 5 0

45, 5 0

43, 7 0

39, 11 0

33, 17 0

26, 24 0

19, 33 0

11, 41 0

3, 51 0

0, 54 0

0, 54 0

0, 54 0

0, 55 0

0, 54 0

5, 50 0

11, 41 0

18, 34 0

23, 29 0

31, 23 0

36, 17 0

40, 9 0

44, 5 0

47, 5 0

48, 5 0

47, 5 0

46, 5 0

43, 6 0

39, 11 0

32, 17 0

26, 26 0

18, 33 0

10, 42 0

2, 52 0

0, 54 0

0, 54 0

0, 54 0

0, 55 0

0, 55 0

6, 49 0

12, 40 0

19, 33 0

26, 26 0

34, 19 0

39, 13 0

44, 5 0

47, 5 0

50, 5 1

51, 5 1

51, 5 1

48, 5 1

46, 5 1

42, 8 1

34, 14 1

28, 23 1

20, 32 1

11, 42 1

1, 53 1

0, 54 1

0, 54 1

0, 54 1

0, 54 1

0, 54 1

9, 46 1

17, 35 1

23, 28 1

30, 21 1

38, 15 1

43, 8 1

48, 5 1

51, 5 1

53, 5 1

52, 5 1

51, 5 1

48, 5 1

44, 6 1

40, 11 1

31, 18 1

23, 25 1

14, 38 1

5, 48 1

0, 54 1

0, 55 1

0, 54 1

0, 54 1

0, 55 1

4, 50 1

14, 41 1

21, 31 1

27, 23 1

34, 17 1

42, 11 1

46, 5 1

50, 5 1

50, 5 1

52, 5 1

51, 5 1

48, 5 1

46, 5 1

41, 9 1

35, 16 1

24, 25 1

16, 33 1

6, 47 1

0, 55 1

0, 54 1

0, 54 1

0, 54 1

0, 54 1

3, 50 1

11, 42 1

21, 34 1

28, 24 1

33, 17 1

39, 11 1

44, 5 1

50, 5 1

52, 5 1

53, 5 1

52, 5 1

50, 5 1

47, 5 1

42, 8 1

36, 14 1

28, 22 1

19, 31 1

9, 41 1

0, 54 1

0, 54 1

0, 55 1

0, 55 1

0, 54 1

0, 52 1

8, 45 1

16, 36 1

25, 28 1

32, 19 1

37, 13 1

43, 6 1

47, 5 1

50, 5 1

51, 5 1

51, 5 1

50, 5 1

46, 5 1

42, 6 1

35, 14 1

29, 22 1

21, 32 1

9, 40 1

0, 50 1

0, 54 1

0, 54 1

0, 54 1

0, 54 1

0, 54 1

7, 46 1

15, 38 1

22, 30 1

30, 24 1

36, 17 1

42, 8 1

46, 5 1

50, 5 1

53, 5 1

53, 5 1

51, 5 1

50, 5 1

46, 5 1

39, 8 1

32, 18 1

25, 25 1

18, 34 1

8, 45 1

0, 54 1

0, 54 1

0, 54 1

0, 55 1

0, 55 1

4, 52 1

11, 41 1

18, 33 1

25, 27 1

34, 20 1

39, 13 1

44, 5 1

47, 5 1

51, 5 1

53, 5 1

51, 5 1

50, 5 1

46, 5 1

42, 8 1

34, 15 1

27, 24 1

18, 33 1

9, 44 1

0, 54 1

0, 54 1

0, 54 1

0, 54 1

0, 54 1

1, 53 1

11, 44 1

18, 33 1

24, 26 1

31, 19 1

39, 12 1

46, 6 1

48, 5 1

51, 5 1

53, 5 1

51, 5 1

50, 5 1

47, 5 1

43, 7 1

37, 13 1

29, 19 1

21, 29 1

12, 41 1

2, 51 1

0, 55 1

0, 55 1

0, 54 1

-1, 54 1

0, 54 1

6, 47 1

16, 38 1

23, 28 1

29, 21 1

36, 15 1

43, 8 1

47, 5 1

50, 5 1

51, 5 1

51, 5 1

50, 5 1

47, 5 1

44, 5 1

38, 12 1

32, 20 1

22, 27 1

13, 36 1

3, 49 1

0, 55 1

0, 54 1

0, 54 1

0, 54 1

0, 54 1

5, 48 1

13, 40 1

22, 32 1

29, 22 1

34, 16 1

41, 9 1

47, 5 1

50, 5 1

52, 5 1

53, 5 1

52, 5 1

50, 5 1

46, 5 1

41, 8 1

35, 14 1

29, 22 1

18, 30 1

10, 39 1

0, 53 1

0, 54 1

0, 55 1

0, 55 1

0, 54 1

0, 53 1

7, 46 1

15, 38 1

24, 30 1

31, 20 1

37, 13 1

41, 8 1

47, 5 1

51, 5 1

52, 5 1

52, 5 1

51, 5 1

48, 5 1

44, 5 1

39, 10 1

33, 18 1

24, 27 1

14, 35 1

4, 45 1

0, 54 1

0, 54 1

0, 54 1

0, 55 1

0, 54 1

4, 49 1

10, 41 1

19, 34 1

27, 27 1

33, 20 1

39, 10 1

43, 7 1

47, 5 1

51, 5 1

51, 5 1

51, 5 1

50, 5 1

47, 5 1

41, 6 1

35, 14 1

28, 22 1

22, 30 1

13, 41 1

1, 50 1

0, 54 1

0, 54 1

0, 55 1

0, 54 1

0, 54 1

6, 46 1

14, 38 1

21, 31 1

29, 25 1

35, 18 1

41, 9 1

45, 5 1

48, 5 1

51, 5 1

51, 5 1

end [110]

start

18, 5 0

12, 41 0

2, 49 0

0, 54 0

0, 54 0

0, 54 0

0, 55 0

0, 55 0

2, 53 0

7, 46 0

12, 40 0

19, 33 0

24, 28 0

29, 22 0

32, 18 0

35, 15 0

39, 11 0

41, 9 0

40, 9 0

40, 9 0

38, 12 0

35, 14 0

32, 18 0

27, 23 0

22, 29 0

17, 36 0

8, 42 0

2, 49 0

0, 54 0

0, 54 0

0, 54 0

0, 54 0

0, 54 0

0, 54 0

3, 50 0

8, 45 0

15, 38 0

21, 33 0

25, 25 0

30, 21 0

35, 16 0

41, 11 0

43, 6 0

44, 5 0

45, 5 0

45, 5 0

43, 6 0

40, 9 0

35, 15 0

31, 19 0

26, 25 0

17, 33 0

9, 44 0

1, 52 0

0, 55 0

0, 55 0

0, 54 0

0, 54 0

0, 54 0

2, 51 0

10, 46 0

16, 38 0

22, 29 0

28, 22 0

35, 16 0

42, 9 0

47, 5 0

49, 5 0

53, 5 1

53, 5 1

51, 5 1

50, 5 1

46, 5 1

42, 8 1

36, 15 1

27, 21 1

19, 33 1

9, 43 1

1, 53 1

0, 55 1

0, 54 1

0, 54 1

0, 54 1

0, 54 1

9, 47 1

16, 38 1

22, 29 1

28, 22 1

35, 16 1

42, 9 1

46, 5 1

50, 5 1

51, 5 1

51, 5 1

50, 5 1

48, 5 1

44, 5 1

39, 11 1

34, 18 1

25, 25 1

17, 35 1

7, 46 1

0, 54 1

0, 54 1

0, 54 1

0, 54 1

0, 54 1

1, 53 1

8, 45 1

18, 37 1

24, 28 1

30, 20 1

37, 13 1

45, 8 1

48, 5 1

51, 5 1

52, 5 1

54, 5 1

53, 5 1

50, 5 1

45, 5 1

42, 8 1

36, 15 1

26, 22 1

18, 34 1

8, 45 1

0, 54 1

0, 55 1

0, 55 1

0, 54 1

0, 54 1

2, 52 1

10, 43 1

19, 35 1

25, 25 1

32, 18 1

39, 11 1

46, 5 1

50, 5 1

52, 5 1

54, 5 1

54, 5 1

51, 5 1

48, 5 1

44, 5 1

39, 10 1

33, 18 1

22, 27 1

13, 36 1

3, 49 1

0, 55 1

0, 54 1

0, 55 1

0, 54 1

0, 54 1

5, 48 1

13, 39 1

22, 32 1

28, 22 1

34, 16 1

42, 8 1

48, 5 1

51, 5 1

54, 5 1

54, 5 1

54, 5 1

51, 5 1

47, 5 1

43, 6 1

37, 13 1

30, 21 1

19, 30 1

10, 39 1

0, 53 1

0, 54 1

0, 55 1

0, 54 1

0, 54 1

0, 53 1

8, 45 1

15, 37 1

25, 30 1

32, 19 1

37, 13 1

43, 7 1

48, 5 1

51, 5 1

54, 5 1

54, 5 1

53, 5 1

50, 5 1

46, 5 1

41, 9 1

33, 17 1

26, 25 1

15, 33 1

5, 44 1

0, 54 1

0, 54 1

0, 54 1

0, 55 1

0, 54 1

4, 49 1

11, 42 1

19, 34 1

28, 27 1

34, 17 1

39, 10 1

44, 5 1

48, 5 1

52, 5 1

53, 5 1

50, 5 1

50, 5 1

47, 5 1

42, 6 1

34, 16 1

29, 22 1

20, 32 1

11, 42 1

0, 52 1

0, 54 1

0, 54 1

0, 55 1

0, 54 1

2, 54 1

9, 44 1

17, 35 1

24, 28 1

33, 21 1

39, 13 1

44, 5 1

48, 5 1

53, 5 1

54, 5 1

54, 5 1

52, 5 1

50, 5 1

47, 5 1

39, 8 1

33, 18 1

24, 26 1

16, 36 1

7, 46 1

0, 54 1

0, 54 1

0, 54 1

0, 54 1

0, 55 1

6, 49 1

12, 39 1

21, 31 1

27, 24 1

34, 17 1

40, 10 1

46, 5 1

48, 5 1

51, 5 1

51, 5 1

50, 5 1

47, 5 1

44, 5 1

39, 11 1

32, 18 1

24, 28 1

16, 36 1

6, 46 1

0, 55 1

0, 55 1

0, 54 1

0, 54 1

0, 55 1

2, 51 1

11, 44 1

18, 34 1

25, 26 1

31, 20 1

39, 13 1

43, 8 1

47, 5 1

50, 5 1

51, 5 1

50, 5 1

48, 5 1

46, 5 1

41, 8 1

36, 15 1

27, 21 1

19, 29 1

10, 42 1

1, 53 1

0, 54 1

0, 55 1

0, 54 1

0, 54 1

0, 55 1

5, 48 1

15, 40 1

21, 30 1

27, 23 1

34, 17 1

41, 10 1

46, 5 1

48, 5 1

49, 5 1

51, 5 1

50, 5 1

47, 5 1

44, 5 1

39, 10 1

34, 17 1

24, 25 1

16, 33 1

7, 46 1

0, 55 1

0, 55 1

0, 54 1

0, 54 1

0, 54 1

2, 52 1

8, 44 1

18, 37 1

24, 27 1

30, 20 1

37, 14 1

42, 8 1

48, 5 1

51, 5 1

52, 5 1

53, 5 1

50, 5 1

47, 5 1

44, 5 1

39, 10 1

32, 19 1

22, 27 1

14, 35 1

5, 48 1

0, 54 1

0, 54 1

0, 55 1

0, 54 1

0, 54 1

3, 50 1

11, 42 1

21, 33 1

27, 23 1

33, 17 1

41, 9 1

46, 5 1

51, 5 1

52, 5 1

54, 5 1

54, 5 1

51, 5 1

48, 5 1

44, 5 1

38, 12 1

30, 20 1

20, 29 1

11, 38 1

1, 52 1

0, 54 1

0, 54 1

0, 54 1

0, 54 1

0, 53 1

8, 45 1

15, 37 1

25, 30 1

32, 21 1

38, 12 1

44, 5 1

48, 5 1

54, 5 1

56, 5 1

55, 5 1

53, 5 1

53, 5 1

47, 5 1

42, 6 1

35, 14 1

29, 23 1

20, 32 1

7, 42 1

0, 54 1

0, 54 1

0, 55 1

0, 55 1

0, 54 1

3, 49 1

12, 40 1

20, 32 1

30, 24 1

37, 17 1

43, 6 1

48, 5 1

53, 5 1

55, 5 1

57, 5 1

55, 5 1

54, 5 1

51, 5 1

46, 5 1

39, 10 1

32, 19 1

24, 28 1

15, 38 1

1, 49 1

0, 54 1

0, 54 1

0, 54 1

0, 54 1

1, 54 1

9, 44 1

17, 35 1

24, 27 1

33, 19 1

41, 12 1

45, 5 1

51, 5 1

54, 5 1

57, 5 1

55, 5 1

55, 5 1

52, 5 1

48, 5 1

42, 7 1

35, 16 1

26, 24 1

18, 34 1

8, 45 1

0, 55 1

0, 54 1

0, 54 1

0, 55 1

0, 55 1

6, 50 1

14, 37 1

21, 30 1

29, 21 1

38, 15 1

44, 6 1

50, 5 1

53, 5 1

55, 5 1

57, 5 1

55, 5 1

54, 5 1

51, 5 1

47, 5 1

38, 9 1

30, 17 1

23, 28 1

13, 39 1

3, 50 1

0, 54 1

0, 54 1

0, 54 1

0, 54 1

0, 54 1

10, 46 1

18, 34 1

24, 27 1

31, 19 1

38, 12 1

46, 5 1

49, 5 1

53, 5 1

53, 5 1

54, 5 1

53, 5 1

50, 5 1

47, 5 1

42, 8 1

33, 16 1

25, 23 1

16, 36 1

6, 47 1

0, 55 1

0, 55 1

0, 54 1

0, 54 1

0, 55 1

4, 49 1

14, 41 1

22, 30 1

28, 22 1

35, 16 1

41, 10 1

48, 5 1

51, 5 1

54, 5 1

54, 5 1

54, 5 1

51, 5 1

48, 5 1

43, 6 1

38, 12 1

28, 20 1

19, 29 1

9, 43 1

0, 53 1

0, 54 1

0, 54 1

0, 54 1

0, 54 1

1, 52 1

8, 45 1

19, 36 1

26, 28 1

32, 18 1

39, 11 1

45, 5 1

50, 5 1

53, 5 1

54, 5 1

53, 5 1

53, 5 1

48, 5 1

43, 5 1

38, 12 1

30, 20 1

23, 28 1

11, 38 1

1, 52 1

0, 54 1

0, 55 1

0, 55 1

0, 54 1

0, 53 1

8, 45 1

15, 37 1

24, 29 1

31, 22 1

37, 13 1

42, 7 1

47, 5 1

51, 5 1

53, 5 1

52, 5 1

51, 5 1

48, 5 1

44, 5 1

38, 12 1

32, 19 1

24, 28 1

16, 36 1

3, 47 1

0, 54 1

0, 54 1

0, 54 1

0, 54 1

0, 54 1

6, 47 1

13, 39 1

21, 31 1

30, 25 1

36, 17 1

42, 8 1

47, 5 1

50, 5 1

53, 5 1

53, 5 1

52, 5 1

50, 5 1

47, 5 1

41, 6 1

35, 16 1

27, 23 1

20, 32 1

10, 42 1

0, 53 1

0, 54 1

0, 54 1

0, 55 1

0, 55 1

3, 53 1

9, 43 1

17, 35 1

24, 27 1

33, 21 1

38, 13 1

44, 5 1

47, 5 1

51, 5 1

53, 5 1

52, 5 1

51, 5 1

48, 5 1

46, 5 1

38, 9 1

32, 17 1

23, 27 1

15, 37 1

6, 47 1

0, 54 1

0, 54 1

0, 54 1

0, 54 1

0, 55 1

5, 50 1

13, 40 1

19, 32 1

26, 25 1

33, 18 1

41, 10 1

end [110]