
Institution Logo
Lab Name

    Session

    Cancel
    Finish Session
    logout
    Logout
    help
    Help
    feedback
    Contact Support

Heli 2

Session Time
In Session: 00 : 05 : 03
Remaining:
00 : 04 : 57

Serial output
Serial output ...
-4, 20

-22, 40

-59, 60

-67, 80

-36, 100

15, 120

54, 140

65, 160

58, 180

43, 200

19, 220

-16, 240

-54, 260

-62, 280

-36, 300

14, 320

54, 340

68, 360

62, 380

47, 400

24, 420

-9, 440

-48, 460

-64, 480

-44, 500

3, 520

46, 540

64, 560

60, 580

47, 600

26, 620

-6, 640

-44, 660

-64, 680

-46, 700

0, 720

44, 740

62, 760

57, 780

44, 800

21, 820

-10, 840

-48, 860

-62, 880

-39, 900

7, 920

46, 940

58, 960



-180, 1101

-240, 1121

-257, 1141

-231, 1161

-176, 1181

-94, 1201

8, 1221

107, 1241

176, 1261

209, 1281

210, 1301

196, 1321

174, 134155, 2621

46, 2641

29, 2661

2, 2681

-34, 2701

-60, 2721

-52, 2741

-13, 2761

32, 2781

56, 2801

54, 2821

42, 2841

23, 2861

-7, 2881

-43, 2901

-62, 2921

-43, 2941

2, 2961

42, 2981

58, 3001

53, 3021

40, 3041

17, 3061

-17, 3081

-52, 3101

-62, 3121

-37, 3141

11, 3161

49, 3181

59, 3201

52, 3221

38, 3241

14, 3261

-19, 3281

-54, 3301

-60, 3321

-33, 3341

13, 3361

46, 3381

52, 3401

46, 3421

30, 3441

6, 3461

-28, 3481

-58, 3501

-54, 3521

-18, 3541

25, 3561

48, 3581

48, 3601

38, 3621

18, 3641

-10, 3661

-46, 3681

-58, 3701

-36, 3721

7, 3741

42, 3761

51, 3781

44, 3801

28, 3821

4, 3841

-30, 3861

-58, 3881

-52, 3901

-16, 3921

26, 3941

49, 3961

48, 3981

36, 4001

16, 4021

-14, 4041

-49, 4061

-58, 4081

-34, 4101

8, 4121

40, 4141

46, 4161

38, 4181

22, 4201

-4, 4221

-38, 4241

-58, 4261

-43, 4281

-3, 4301

34, 4321

47, 4341

42, 4361

28, 4381

6, 4401

-27, 4421

-54, 4441

-50, 4461

-17, 4481

25, 4501

47, 4521

44, 4541

33, 4561

14, 4581

-18, 4601

-49, 4621

-54, 4641

-29, 4661

15, 4681

44, 4701

47, 4721

38, 4741

21, 4761

-6, 4781

-40, 4801

-58, 4821

-40, 4841

0, 4861

36, 4881

46, 4901

39, 4921

24, 4941

1, 4961

-33, 4981

-56, 5001

-46, 5021

-9, 5041

31, 5061

49, 5081

45, 5101

32, 5121

11, 5141

-21, 5161

-52, 5181

-53, 5201

-22, 5221

22, 5241

47, 5261

48, 5281

37, 5301

18, 5321

-10, 5341

-45, 5361

-58, 5381

-38, 5401

5, 5421

40, 5441

50, 5461

43, 5481

27, 5501

3, 5521

-31, 5541

-57, 5561

-48, 5581

-12, 5601

30, 5621

48, 5641

46, 5661

34, 5681

14, 5701

-17, 5721

-50, 5741

-55, 5761

-28, 5781

15, 5801

44, 5821

48, 5841

39, 5861

22, 5881

-4, 5901

-39, 5921

-58, 5941

-42, 5961

-2, 5981

35, 6001

50, 6021

44, 6041

30, 6061

8, 6081

-24, 6101

-54, 6121

-54, 6141

-23, 6161

21, 6181

48, 6201

50, 6221

40, 6241

22, 6261

-5, 6281

-41, 6301

-60, 6321

-43, 6341

-2, 6361

36, 6381

50, 6401

46, 6421

31, 6441

9, 6461

-22, 6481

-54, 6501

-54, 6521

-23, 6541

20, 6561

46, 6581

48, 6601

38, 6621

19, 6641

-9, 6661

-44, 6681

-58, 6701

-38, 6721

4, 6741

39, 6761

50, 6781

43, 6801

28, 6821

4, 6841

-30, 6861

-58, 6881

-50, 6901

-14, 6921

27, 6941

48, 6961

46, 6981

35, 7001

15, 7021

-13, 7041

-48, 7061

-57, 7081

-34, 7101

10, 7121

42, 7141

50, 7161

43, 7181

27, 7201

3, 7221

-31, 7241

-58, 7261

-48, 7281

-10, 7301

30, 7321

50, 7341

48, 7361

35, 7381

14, 7401

-16, 7421

-51, 7441

-57, 7461

-31, 7481

12, 7501

43, 7521

50, 7541

42, 7561

26, 7581

1, 7601

-34, 7621

-58, 7641

-47, 7661

-10, 7681

30, 7701

48, 7721

46, 7741

32, 7761

10, 7781

-20, 7801

-54, 7821

-56, 7841

-27, 7861

17, 7881

46, 7901

50, 7921

40, 7941

22, 7961

-6, 7981

-40, 8001

-59, 8021

-42, 8041

-2, 8061

36, 8081

50, 8101

44, 8121

31, 8141

8, 8161

-24, 8181

-54, 8201

-52, 8221

-19, 8241

23, 8261

46, 8281

46, 8301

36, 8321

17, 8341

-12, 8361

-44, 8381

-58, 8401

-36, 8421

7, 8441

40, 8461

47, 8481

40, 8501

25, 8521

-1, 8541

-34, 8561

-57, 8581

-48, 8601

-12, 8621

28, 8641

46, 8661

42, 8681

30, 8701

10, 8721

-22, 8741

-52, 8761

-53, 8781

-22, 8801

21, 8821

46, 8841

46, 8861

36, 8881

18, 8901

-10, 8921

-44, 8941

-57, 8961

-38, 8981

5, 9001

39, 9021

50, 9041

42, 9061

26, 9081

2, 9101

-32, 9121

-58, 9141

-50, 9161

-16, 9181

24, 9201

45, 9221

44, 9241

32, 9261

12, 9281

-18, 9301

-51, 9321

-56, 9341

-28, 9361

15, 9381

44, 9401

48, 9421

40, 9441

22, 9461

-5, 9481

-39, 9501

-60, 9521

-44, 9541

-2, 9561

36, 9581

51, 9601

46, 9621

32, 9641

9, 9661

-6, 20

-22, 40

-58, 60

-61, 80

-28, 100

22, 120

55, 140

62, 160

54, 180

37, 200

10, 220

-24, 240

-58, 260

-58, 280

-25, 300

26, 320

60, 340

69, 360

62, 380

47, 400

23, 420

-9, 440

-46, 460

-63, 480

-43, 500

2, 520

46, 540

64, 560

60, 580

48, 600

26, 620

-4, 640

-42, 660

-62, 680

-46, 700

-2, 720

42, 740

62, 760

60, 780

48, 800

28, 820

0, 840

-37, 860

-61, 880

-50, 900

-9, 920

37, 940

60, 960

start

-4, 1041

-40, 1061

-61, 1081

-46, 1101

-3, 1121

40, 1141

58, 1161

54, 1181

42, 1201

21, 1221

-9, 1241

-44, 1261

-60, 1281

-38, 1301

8, 1321

46, 1341

59, 1361

54, 1381

40, 1401

17, 1421

-14, 1441

-49, 1461

-58, 1481

-34, 1501

12, 1521

48, 1541

57, 1561

50, 1581

end [2000]

start

-52, 5601

-70, 5621

-60, 5641

-21, 5661

31, 5681

66, 5701

73, 5721

64, 5741

49, 5761

26, 5781

-8, 5801

-46, 5821

-63, 5841

-42, 5861

2, 5881

46, 5901

62, 5921

58, 5941

46, 5961

25, 5981

-6, 6001

-40, 6021

-59, 6041

-41, 6061

2, 6081

42, 6101

57, 6121

52, 6141

39, 6161

18, 6181

-12, 6201

-46, 6221

-57, 6241

-33, 6261

13, 6281

46, 6301

54, 6321

48, 6341

34, 6361

11, 6381

-20, 6401

-52, 6421

-54, 6441

-23, 6461

22, 6481

52, 6501

54, 6521

46, 6541

29, 6561

2, 6581

-30, 6601

-55, 6621

-47, 6641

-10, 6661

32, 6681

52, 6701

48, 6721

36, 6741

16, 6761

-14, 6781

-44, 6801

-54, 6821

-30, 6841

14, 6861

46, 6881

50, 6901

41, 6921

26, 6941

1, 6961

-30, 6981

-53, 7001

-43, 7021

-6, 7041

32, 7061

48, 7081

42, 7101

30, 7121

10, 7141

-18, 7161

-48, 7181

-49, 7201

-18, 7221

23, 7241

46, 7261

46, 7281

35, 7301

18, 7321

-10, 7341

-41, 7361

-52, 7381

-30, 7401

10, 7421

40, 7441

44, 7461

36, 7481

20, 7501

-4, 7521

-34, 7541

-52, 7561

-38, 7581

2, 7601

34, 7621

43, 7641

36, 7661

24, 7681

1, 7701

-28, 7721

-50, 7741

-40, 7761

-6, 7781

30, 7801

41, 7821

34, 7841

22, 7861

2, 7881

-26, 7901

-48, 7921

-40, 7941

-6, 7961

26, 7981

38, 8001

32, 8021

18, 8041

-2, 8061

-28, 8081

-46, 8101

-37, 8121

-2, 8141

27, 8161

34, 8181

27, 8201

14, 8221

-8, 8241

-34, 8261

-46, 8281

-29, 8301

6, 8321

29, 8341

29, 8361

20, 8381

4, 8401

-18, 8421

-42, 8441

-42, 8461

-16, 8481

15, 8501

29, 8521

24, 8541

12, 8561

-6, 8581

-30, 8601

-43, 8621

-30, 8641

2, 8661

22, 8681

22, 8701

13, 8721

-1, 8741

-22, 8761

-40, 8781

-35, 8801

-11, 8821

14, 8841

18, 8861

12, 8881

-1, 8901

-20, 8921

-36, 8941

-34, 8961

-15, 8981

4, 9001

8, 9021

1, 9041

-10, 9061

-24, 9081

-30, 9101

-22, 9121

-12, 9141

-8, 9161

-9, 9181

-10, 9201

-11, 9221

-12, 9241

-12, 9261

-12, 9281

-12, 9301

-13, 9321

-13, 9341

-13, 9361

-13, 9381

-13, 9401

-13, 9421

-13, 9441

-13, 9461

-13, 9481

-13, 9501

-13, 9521

-14, 9541

-13, 9561

-13, 9581

-13, 9601

-13, 9621

-13, 9641

-13, 9661

-14, 9681

-13, 9701

-13, 9721

-13, 9741

-13, 9761

-13, 9781

-13, 9801

-14, 9821

-13, 9841

-13, 9861

-13, 9881

-13, 9901

-13, 9921

-13, 9941

-13, 9961

-50, 10042

-67, 10062

-55, 10082

-14, 10102

38, 10122

end [2200]

start

-79, 11742

-94, 11762

-82, 11782

-38, 11802

26, 11822

78, 11842

102, 11862

100, 11882

90, 11902

69, 11922

40, 11942

3, 11962

-42, 11982

-72, 12002

-62, 12022

-22, 12042

34, 12062

70, 12082

79, 12102

71, 12122

56, 12142

33, 12162

1, 12182

-38, 12202

-63, 12222

-52, 12242

-10, 12262

39, 12282

66, 12302

66, 12322

56, 12342

38, 12362

12, 12382

-22, 12402

-56, 12422

-56, 12442

-26, 12462

25, 12482

58, 12502

63, 12522

54, 12542

39, 12562

14, 12582

-20, 12602

-53, 12622

-56, 12642

-25, 12662

22, 12682

54, 12702

58, 12722

51, 12742

34, 12762

10, 12782

-22, 12802

-53, 12822

-50, 12842

-16, 12862

29, 12882

54, 12902

54, 12922

46, 12942

27, 12962

2, 12982

-30, 13002

-54, 13022

-42, 13042

-2, 13062

37, 13082

52, 13102

47, 13122

35, 13142

14, 13162

-14, 13182

-44, 13202

-50, 13222

-22, 13242

20, 13262

46, 13282

46, 13302

38, 13322

22, 13342

-2, 13362

-33, 13382

-50, 13402

-34, 13422

6, 13442

37, 13462

44, 13482

37, 13502

22, 13522

end [2200]

start

-54, 17122

-72, 17142

-62, 17162

-22, 17182

32, 17202

70, 17222

80, 17242

72, 17262

58, 17282

36, 17302

4, 17322

-34, 17342

-62, 17362

-53, 17382

-12, 17402

38, 17422

67, 17442

70, 17462

60, 17482

45, 17502

20, 17522

-12, 17542

-48, 17562

-58, 17582

-34, 17602

14, 17622

52, 17642

64, 17662

58, 17682

46, 17702

24, 17722

-6, 17742

-40, 17762

-57, 17782

-37, 17802

8, 17822

49, 17842

63, 17862

58, 17882

46, 17902

27, 17922

-2, 17942

-37, 17962

-57, 17982

-40, 18002

4, 18022

46, 18042

62, 18062

56, 18082

44, 18102

24, 18122

-5, 18142

-38, 18162

-55, 18182

-37, 18202

7, 18222

46, 18242

58, 18262

52, 18282

39, 18302

17, 18322

-14, 18342

-47, 18362

-53, 18382

-26, 18402

20, 18422

52, 18442

58, 18462

50, 18482

34, 18502

10, 18522

-22, 18542

-52, 18562

-48, 18582

-14, 18602

30, 18622

54, 18642

54, 18662

44, 18682

24, 18702

-2, 18722

-36, 18742

-54, 18762

-38, 18782

6, 18802

44, 18822

56, 18842

50, 18862

38, 18882

16, 18902

-14, 18922

-46, 18942

-52, 18962

-25, 18982

21, 19002

53, 19022

58, 19042

50, 19062

34, 19082

11, 19102

-22, 19122

-52, 19142

-50, 19162

-18, 19182

29, 19202

56, 19222

58, 19242

48, 19262

30, 19282

3, 19302

-31, 19322

-56, 19342

-45, 19362

-5, 19382

38, 19402

59, 19422

58, 19442

47, 19462

27, 19482

-2, 19502

-37, 19522

-57, 19542

-42, 19562

2, 19582

44, 19602

62, 19622

57, 19642

46, 19662

24, 19682

-6, 19702

-40, 19722

-58, 19742

-38, 19762

8, 19782

49, 19802

63, 19822

58, 19842

45, 19862

23, 19882

-8, 19902

-44, 19922

-58, 19942

-38, 19962

10, 19982

50, 20002

65, 20022

58, 20042

46, 20062

25, 20082

-6, 20102

-43, 20122

-58, 20142

-39, 20162

8, 20182

48, 20202

66, 20222

60, 20242

46, 20262

24, 20282

-6, 20302

-44, 20322

-58, 20342

-38, 20362

7, 20382

48, 20402

62, 20422

58, 20442

44, 20462

22, 20482

-8, 20502

-44, 20522

-58, 20542

-33, 20562

14, 20582

52, 20602

63, 20622

57, 20642

43, 20662

20, 20682

-12, 20702

-46, 20722

-56, 20742

-31, 20762

16, 20782

52, 20802

62, 20822

55, 20842

41, 20862

18, 20882

-14, 20902

-49, 20922

-56, 20942

-28, 20962

18, 20982

53, 21002

60, 21022

52, 21042

36, 21062

11, 21082

-22, 21102

-54, 21122

-52, 21142

-18, 21162

30, 21182

58, 21202

60, 21222

51, 21242

34, 21262

7, 21282

-27, 21302

-56, 21322

-50, 21342

-13, 21362

33, 21382

58, 21402

59, 21422

50, 21442

30, 21462

3, 21482

-31, 21502

-58, 21522

-46, 21542

-6, 21562

38, 21582

59, 21602

57, 21622

46, 21642

26, 21662

-2, 21682

-37, 21702

-56, 21722

-40, 21742

2, 21762

44, 21782

60, 21802

54, 21822

42, 21842

22, 21862

-9, 21882

-44, 21902

-56, 21922

-36, 21942

11, 21962

49, 21982

62, 22002

56, 22022

42, 22042

20, 22062

-11, 22082

-46, 22102

-56, 22122

-30, 22142

16, 22162

54, 22182

63, 22202

56, 22222

42, 22242

18, 22262

-12, 22282

-48, 22302

-55, 22322

-29, 22342

18, 22362

52, 22382

58, 22402

51, 22422

36, 22442

12, 22462

-20, 22482

-51, 22502

-52, 22522

-20, 22542

29, 22562

58, 22582

61, 22602

52, 22622

36, 22642

10, 22662

-24, 22682

-54, 22702

-51, 22722

-16, 22742

30, 22762

58, 22782

60, 22802

51, 22822

34, 22842

9, 22862

-25, 22882

-54, 22902

-49, 22922

-14, 22942

30, 22962

58, 22982

61, 23002

51, 23022

34, 23042

10, 23062

-26, 23082

-54, 23102

-50, 23122

-16, 23142

30, 23162

58, 23182

62, 23202

52, 23222

36, 23242

10, 23262

-25, 23282

-54, 23302

-50, 23322

-14, 23342

31, 23362

58, 23382

59, 23402

50, 23422

32, 23442

6, 23462

-26, 23482

-55, 23502

-47, 23522

-10, 23542

36, 23562

58, 23582

58, 23602

47, 23622

29, 23642

2, 23662

-31, 23682

-57, 23702

-46, 23722

-7, 23742

38, 23762

59, 23782

58, 23802

46, 23822

28, 23842

0, 23862

-34, 23882

-57, 23902

-43, 23922

-2, 23942

42, 23962

60, 23982

57, 24002

44, 24022

26, 24042

-6, 24062

-40, 24082

-56, 24102

-38, 24122

6, 24142

46, 24162

60, 24182

54, 24202

40, 24222

20, 24242

-11, 24262

-44, 24282

-54, 24302

-28, 24322

18, 24342

50, 24362

57, 24382

50, 24402

34, 24422

10, 24442

-20, 24462

-52, 24482

-50, 24502

-18, 24522

29, 24542

54, 24562

56, 24582

46, 24602

28, 24622

0, 24642

-33, 24662

-56, 24682

-43, 24702

-4, 24722

40, 24742

58, 24762

54, 24782

42, 24802

22, 24822

-8, 24842

-43, 24862

-56, 24882

-34, 24902

10, 24922

48, 24942

60, 24962

52, 24982

37, 25002

14, 25022

-20, 25042

-52, 25062

-53, 25082

-22, 25102

26, 25122

55, 25142

59, 25162

50, 25182

33, 25202

8, 25222

-27, 25242

-56, 25262

-49, 25282

-11, 25302

34, 25322

59, 25342

59, 25362

50, 25382

30, 25402

4, 25422

-30, 25442

-57, 25462

-47, 25482

-8, 25502

38, 25522

60, 25542

59, 25562

49, 25582

30, 25602

2, 25622

-33, 25642

-58, 25662

-48, 25682

-8, 25702

38, 25722

60, 25742

58, 25762

47, 25782

28, 25802

-1, 25822

-38, 25842

-58, 25862

-42, 25882

2, 25902

43, 25922

60, 25942

56, 25962

42, 25982

20, 26002

-10, 26022

-46, 26042

-57, 26062

-34, 26082

14, 26102

50, 26122

61, 26142

55, 26162

42, 26182

18, 26202

-14, 26222

-48, 26242

-56, 26262

-29, 26282

19, 26302

54, 26322

62, 26342

56, 26362

42, 26382

18, 26402

-14, 26422

-50, 26442

-58, 26462

-30, 26482

17, 26502

54, 26522

66, 26542

58, 26562

45, 26582

22, 26602

-10, 26622

-46, 26642

-58, 26662

-35, 26682

12, 26702

51, 26722

65, 26742

59, 26762

46, 26782

24, 26802

-8, 26822

-44, 26842

-58, 26862

-38, 26882

8, 26902

50, 26922

66, 26942

61, 26962

48, 26982

27, 27002

-2, 27022

-40, 27042

-59, 27062

-42, 27082

2, 27102

46, 27122

64, 27142

62, 27162

50, 27182

30, 27202

3, 27222

-34, 27242

-58, 27262

-46, 27282

-4, 27302

42, 27322

64, 27342

62, 27362

53, 27382

34, 27402

5, 27422

-30, 27442

-58, 27462

-50, 27482

-10, 27502

37, 27522

63, 27542

64, 27562

55, 27582

38, 27602

12, 27622

-22, 27642

-54, 27662

-54, 27682

-21, 27702

28, 27722

59, 27742

63, 27762

54, 27782

38, 27802

14, 27822

-20, 27842

-53, 27862

-53, 27882

-21, 27902

26, 27922

58, 27942

62, 27962

54, 27982

38, 28002

13, 28022

-21, 28042

-54, 28062

-53, 28082

-20, 28102

26, 28122

58, 28142

64, 28162

57, 28182

41, 28202

17, 28222

-15, 28242

-49, 28262

-56, 28282

-29, 28302

20, 28322

55, 28342

64, 28362

58, 28382

44, 28402

22, 28422

-11, 28442

-46, 28462

-58, 28482

-34, 28502

14, 28522

54, 28542

66, 28562

61, 28582

48, 28602

26, 28622

-6, 28642

-42, 28662

-58, 28682

-39, 28702

6, 28722

48, 28742

65, 28762

60, 28782

49, 28802

29, 28822

0, 28842

-36, 28862

-58, 28882

-42, 28902

1, 28922

45, 28942

66, 28962

62, 28982

50, 29002

32, 29022

4, 29042

-33, 29062

-58, 29082

-48, 29102

-8, 29122

38, 29142

63, 29162

64, 29182

53, 29202

36, 29222

9, 29242

-26, 29262

-56, 29282

-50, 29302

-12, 29322

34, 29342

62, 29362

64, 29382

54, 29402

37, 29422

11, 29442

-22, 29462

-54, 29482

-53, 29502

-20, 29522

28, 29542

58, 29562

63, 29582

54, 29602

38, 29622

12, 29642

-21, 29662

-54, 29682

-54, 29702

-21, 29722

28, 29742

60, 29762

66, 29782

58, 29802

42, 29822

18, 29842

-16, 29862

-50, 29882

-56, 29902

-30, 29922

18, 29942

58, 29962

68, 29982

62, 30002

48, 30022

26, 30042

-6, 30062

-42, 30082

-60, 30102

-40, 30122

6, 30142

48, 30162

69, 30182

66, 30202

54, 30222

34, 30242

6, 30262

-30, 30282

-58, 30302

-50, 30322

-11, 30342

35, 30362

62, 30382

63, 30402

53, 30422

36, 30442

10, 30462

-26, 30482

-56, 30502

-53, 30522

-18, 30542

28, 30562

60, 30582

64, 30602

55, 30622

40, 30642

16, 30662

-18, 30682

-52, 30702

-55, 30722

-26, 30742

24, 30762

58, 30782

65, 30802

56, 30822

41, 30842

18, 30862

-16, 30882

-51, 30902

-57, 30922

-30, 30942

18, 30962

54, 30982

66, 31002

59, 31022

46, 31042

23, 31062

-8, 31082

-44, 31102

-58, 31122

-38, 31142

6, 31162

48, 31182

64, 31202

60, 31222

47, 31242

27, 31262

-2, 31282

-38, 31302

-58, 31322

-42, 31342

2, 31362

45, 31382

63, 31402

60, 31422

48, 31442

28, 31462

1, 31482

-36, 31502

-58, 31522

-44, 31542

-2, 31562

42, 31582

64, 31602

62, 31622

52, 31642

33, 31662

6, 31682

-29, 31702

-58, 31722

-48, 31742

-6, 31762

38, 31782

62, 31802

62, 31822

52, 31842

34, 31862

6, 31882

-28, 31902

-57, 31922

-48, 31942

-8, 31962

38, 31982

63, 32002

63, 32022

54, 32042

36, 32062

10, 32082

-24, 32102

-57, 32122

-53, 32142

-16, 32162

34, 32182

65, 32202

70, 32222

60, 32242

44, 32262

19, 32282

-15, 32302

-52, 32322

-60, 32342

-33, 32362

17, 32382

56, 32402

70, 32422

64, 32442

51, 32462

30, 32482

-2, 32502

-40, 32522

-62, 32542

-46, 32562

-1, 32582

46, 32602

70, 32622

70, 32642

60, 32662

40, 32682

12, 32702

-24, 32722

-58, 32742

-58, 32762

-25, 32782

26, 32802

64, 32822

74, 32842

68, 32862

end [2300]

start

-120, 34803

-171, 34823

-183, 34843

-156, 34863

-99, 34883

-18, 34903

73, 34923

142, 34943

178, 34963

181, 34983

170, 35003

152, 35023

126, 35043

93, 35063

50, 35083

-2, 35103

-60, 35123

-93, 35143

-80, 35163

-36, 35183

30, 35203

82, 35223

108, 35243

106, 35263

94, 35283

74, 35303

46, 35323

8, 35343

-38, 35363

-70, 35383

-64, 35403

-26, 35423

32, 35443

74, 35463

88, 35483

82, 35503

68, 35523

48, 35543

17, 35563

-22, 35583

-58, 35603

-60, 35623

-29, 35643

24, 35663

63, 35683

75, 35703

68, 35723

55, 35743

34, 35763

2, 35783

-36, 35803

-60, 35823

-48, 35843

-6, 35863

42, 35883

68, 35903

68, 35923

58, 35943

40, 35963

14, 35983

-21, 36003

-54, 36023

-52, 36043

-19, 36063

30, 36083

60, 36103

64, 36123

56, 36143

40, 36163

16, 36183

-16, 36203

-50, 36223

-53, 36243

-23, 36263

24, 36283

58, 36303

64, 36323

57, 36343

42, 36363

18, 36383

-14, 36403

-50, 36423

-54, 36443

-26, 36463

22, 36483

56, 36503

63, 36523

56, 36543

41, 36563

17, 36583

-15, 36603

-49, 36623

-54, 36643

-25, 36663

23, 36683

58, 36703

65, 36723

58, 36743

43, 36763

20, 36783

-13, 36803

-47, 36823

-54, 36843

-26, 36863

21, 36883

56, 36903

64, 36923

56, 36943

42, 36963

18, 36983

-13, 37003

-48, 37023

-54, 37043

-26, 37063

22, 37083

55, 37103

62, 37123

56, 37143

40, 37163

17, 37183

-14, 37203

-48, 37223

-54, 37243

-26, 37263

22, 37283

56, 37303

62, 37323

56, 37343

41, 37363

18, 37383

-14, 37403

-48, 37423

-54, 37443

-27, 37463

22, 37483

56, 37503

64, 37523

56, 37543

42, 37563

18, 37583

-13, 37603

-48, 37623

-56, 37643

-30, 37663

17, 37683

54, 37703

64, 37723

56, 37743

42, 37763

20, 37783

-12, 37803

-46, 37823

-54, 37843

-29, 37863

18, 37883

54, 37903

64, 37923

56, 37943

42, 37963

18, 37983

-14, 38003

-49, 38023

-54, 38043

-27, 38063

21, 38083

56, 38103

64, 38123

57, 38143

42, 38163

19, 38183

-12, 38203

-47, 38223

-54, 38243

-26, 38263

20, 38283

54, 38303

62, 38323

56, 38343

41, 38363

18, 38383

-14, 38403

-48, 38423

-53, 38443

-24, 38463

23, 38483

56, 38503

62, 38523

54, 38543

39, 38563

14, 38583

-18, 38603

-50, 38623

-52, 38643

-20, 38663

27, 38683

58, 38703

62, 38723

54, 38743

38, 38763

14, 38783

-19, 38803

-50, 38823

-51, 38843

-20, 38863

27, 38883

57, 38903

60, 38923

52, 38943

36, 38963

10, 38983

-22, 39003

-54, 39023

-50, 39043

-14, 39063

32, 39083

59, 39103

61, 39123

52, 39143

35, 39163

10, 39183

-24, 39203

-54, 39223

-48, 39243

-12, 39263

34, 39283

60, 39303

60, 39323

50, 39343

34, 39363

7, 39383

-28, 39403

-54, 39423

-46, 39443

-9, 39463

36, 39483

61, 39503

60, 39523

50, 39543

30, 39563

3, 39583

-32, 39603

-56, 39623

-43, 39643

-1, 39663

43, 39683

64, 39703

62, 39723

52, 39743

32, 39763

4, 39783

-31, 39803

-57, 39823

-46, 39843

-4, 39863

43, 39883

66, 39903

64, 39923

54, 39943

36, 39963

7, 39983

-29, 40003

-58, 40023

-50, 40043

-12, 40063

38, 40083

66, 40103

66, 40123

57, 40143

40, 40163

15, 40183

-19, 40203

-52, 40223

-53, 40243

-20, 40263

29, 40283

60, 40303

66, 40323

57, 40343

41, 40363

16, 40383

-17, 40403

-50, 40423

-53, 40443

-22, 40463

26, 40483

58, 40503

64, 40523

58, 40543

41, 40563

18, 40583

-14, 40603

-49, 40623

-54, 40643

-24, 40663

25, 40683

58, 40703

65, 40723

58, 40743

42, 40763

18, 40783

-14, 40803

-49, 40823

-54, 40843

-26, 40863

22, 40883

57, 40903

65, 40923

58, 40943

42, 40963

19, 40983

-14, 41003

-48, 41023

-54, 41043

-26, 41063

22, 41083

57, 41103

66, 41123


end [2400]
